Epoch	AverageEpRet	StdEpRet	MaxEpRet	MinEpRet	EpLen	AverageVVals	StdVVals	MaxVVals	MinVVals	TotalEnvInteracts	LossPi	LossV	DeltaLossPi	DeltaLossV	Entropy	KL	ClipFrac	StopIter	Time
0	-18697.367	10806.365	-6547.247	-41274.28	110.44444	0.6558943	0.2493173	1.4298855	-0.26197496	1000	-3.361702e-08	104871144.0	-0.011893579	-11576520.0	1.0446721	0.015317795	0.128	24.0	112.09407114982605
1	-16775.941	8956.709	-3320.5388	-34202.68	97.4	-624.77386	152.02383	-208.02187	-1106.8182	2000	6.9141386e-08	85011100.0	-0.018776553	-58844292.0	1.053936	0.015537029	0.163	59.0	229.77119278907776
2	-12127.841	3882.8213	-5119.0903	-17655.795	89.09091	-5739.677	1726.8429	-1155.4048	-9953.476	3000	6.0796737e-09	17755560.0	-0.011889509	-2370859.0	1.0304312	0.016875954	0.225	14.0	351.06744384765625
3	-11765.901	3746.1238	-4905.285	-16807.346	64.53333	-6931.171	1698.8708	-1970.0603	-12406.304	4000	4.7683715e-09	15786322.0	-0.022690544	-2495813.0	0.99082476	0.015332569	0.17	64.0	462.5060021877289
4	-18320.826	10313.228	-10354.778	-43462.9	114.5	-7086.9707	2334.8867	-796.2755	-11599.57	5000	1.5974045e-08	22433634.0	-0.027339438	-3868266.0	0.96728176	0.008983568	0.155	79.0	586.0055947303772
5	-15343.864	11945.641	-2132.5957	-36229.26	111.375	-8018.067	2438.7168	-1999.1727	-14882.782	6000	-2.9563903e-08	20303906.0	-0.018910067	-2551716.0	0.94041175	0.015333731	0.141	30.0	710.1673085689545
6	-12757.528	5687.373	-3570.5396	-25000.824	84.5	-8221.766	2624.8467	-2883.8784	-15771.922	7000	-5.9604646e-09	13541016.0	-0.00910527	-1604689.0	0.89941406	0.020963306	0.365	6.0	831.4522929191589
7	-10436.092	3654.2673	351.5839	-13151.483	49.0	-7993.5664	2295.1301	-3310.6904	-15202.45	8000	2.7894973e-08	16652108.0	-0.018768154	-3375731.0	0.8278125	0.00447495	0.165	79.0	939.981451511383
8	-9234.672	4616.786	790.77325	-14364.7705	54.944443	-6792.5215	1853.9453	-2965.2478	-13404.6045	9000	7.629395e-09	17613912.0	-0.007213291	-1403701.0	0.8757085	0.013883091	0.133	7.0	1062.404876947403
9	-11518.757	8807.731	-800.4454	-38963.89	76.46154	-6332.708	1790.8735	-2569.4468	-12848.866	10000	3.4928323e-08	18682554.0	-0.008556248	-2227721.0	0.8888977	0.018548245	0.214	10.0	1174.49991440773
10	-11128.496	5999.514	-4281.737	-25038.545	93.4	-7643.085	2534.8652	-3231.411	-13908.235	11000	1.4305114e-08	14488116.0	-0.027678791	-2052760.0	0.9333899	0.01536589	0.23	36.0	1290.681918144226
11	-8632.3545	7750.6616	-1458.7334	-29492.225	89.36364	-6637.304	2291.905	-2777.865	-12009.201	12000	5.9604645e-08	15995967.0	-0.011468194	-1152526.0	0.9161079	0.015706029	0.124	12.0	1407.5060946941376
12	-9481.826	5705.7354	-2938.494	-20336.55	93.9	-6029.348	2412.8257	-2566.0376	-11853.974	13000	6.198883e-09	12772238.0	-0.006928413	-2261613.0	0.92102414	0.026831757	0.319	5.0	1529.232881784439
13	-2939.485	13341.647	35175.836	-16451.307	93.7	-5578.586	2640.9023	-2268.0847	-13689.837	14000	-7.510185e-09	114707140.0	-0.01876213	-30770936.0	0.887868	0.015301045	0.153	70.0	1647.1704862117767
14	-7066.2217	5871.76	-884.55426	-19709.572	74.30769	-1955.9904	2341.9421	-168.13396	-8895.469	15000	2.002716e-08	21226090.0	-0.01421826	-9191524.0	0.9007694	0.018583113	0.126	13.0	1764.4678099155426
15	-7343.602	5257.5063	-2281.8113	-18080.64	89.545456	-4480.4766	2759.7727	-1395.2883	-12242.934	16000	1.0490417e-08	12149439.0	-0.0042758384	-2755957.0	0.85332876	0.019134827	0.204	5.0	1882.243343114853
16	-4188.859	1750.6907	-1990.6737	-6934.576	78.416664	-4401.3936	3269.4678	-1225.6063	-11685.093	17000	-7.629395e-09	5449456.5	-0.02199945	-1928179.5	0.8500768	0.003475779	0.171	79.0	2025.997836112976
17	2580.8472	16738.797	37758.207	-13122.784	98.2	-3720.3313	3309.2522	-484.1523	-11991.847	18000	2.4199485e-08	180462690.0	-0.004653175	-34640770.0	0.8243746	0.029332649	0.374	5.0	2151.342646598816
18	2155.7354	21851.123	42114.863	-18330.828	119.25	-618.6303	1275.876	28.089462	-5618.032	19000	-4.7445297e-08	177086030.0	-0.009054904	-3239392.0	0.8429529	0.015577178	0.121	12.0	2272.318215608597
19	16073.1455	22165.086	35968.86	-17209.691	171.6	-602.73724	1812.8956	655.2947	-7015.971	20000	2.3722649e-08	216630400.0	-0.006555047	-30267472.0	0.80028945	0.020160597	0.127	7.0	2392.1698620319366
20	15291.115	26109.379	38481.88	-22535.47	170.0	3852.9336	1427.8374	6732.726	-298.1772	21000	-4.768372e-10	197026580.0	-0.008049806	-29884016.0	0.8374042	0.014561151	0.121	7.0	2508.959536790848
21	1822.7701	24535.54	37943.26	-18771.143	147.83333	4624.122	4389.343	17437.666	-6628.9033	22000	3.4570693e-08	160863870.0	-0.021533197	-14901488.0	0.82189286	0.008209855	0.111	79.0	2628.5459191799164
22	22763.752	18780.24	39266.19	-5825.0522	140.0	3115.0525	4201.2046	8326.196	-9980.267	23000	1.835823e-08	183793040.0	-0.023052122	-51735216.0	0.76071703	0.014842741	0.103	79.0	2738.706526994705
23	20010.592	22136.611	38444.582	-14566.881	162.5	10424.814	4334.432	19520.701	-4308.195	24000	1.4305115e-09	212355780.0	-0.012513628	-57748064.0	0.7765038	0.016676394	0.178	11.0	2844.901971101761
24	29702.297	20150.469	40568.242	-15292.805	165.16667	9207.728	3124.5674	15725.532	-210.9243	25000	2.2172928e-08	186895100.0	-0.017242845	-39720416.0	0.73659986	0.009717097	0.081	79.0	2960.687183380127
25	2941.6458	25456.027	39388.113	-19224.188	161.5	10601.54	5667.984	17400.852	-7656.5264	26000	-6.848574e-08	240543120.0	-0.005667488	-119530430.0	0.7410723	0.014689451	0.122	4.0	3070.651848077774
26	35462.824	2059.1743	37348.85	31650.459	171.8	4847.46	4101.8086	15268.258	-8567.617	27000	-5.531311e-08	177567310.0	-0.022005681	-94639304.0	0.6965602	0.013283883	0.096	79.0	3186.3779520988464
27	19464.574	22087.736	41901.355	-7232.686	128.0	12376.806	5183.8623	22672.168	-1253.8158	28000	-2.0563602e-08	122780400.0	-0.020767512	-23617608.0	0.6945355	0.0011467175	0.129	79.0	3314.0199179649353
28	6972.5483	31153.688	38265.88	-32197.748	212.5	9172.889	7844.397	22096.432	-6364.5776	29000	-2.5749207e-08	190421890.0	-0.028655652	-63373856.0	0.7353657	0.016964227	0.168	62.0	3420.032998561859
29	28418.111	15498.573	38247.438	-6010.196	162.5	6409.721	5521.651	19905.773	-7695.754	30000	-2.5510788e-08	137600320.0	-0.021604111	-65218616.0	0.7692886	0.0106878625	0.116	79.0	3530.817314386368
30	27553.615	21355.344	39948.527	-15093.287	184.8	12477.51	6115.343	24909.781	-1895.1698	31000	-6.222725e-08	148160290.0	-0.015654564	-9535696.0	0.7250122	0.015775744	0.108	55.0	3658.398449897766
31	24875.535	20595.943	37617.684	-16225.266	188.4	11859.456	5778.189	25428.469	-1490.9143	32000	-2.5749207e-08	110618936.0	-0.013804133	-33776240.0	0.66499436	0.016415248	0.11	20.0	3779.5337336063385
32	38258.387	1686.2911	40186.168	35080.87	154.66667	12814.649	5181.609	31790.482	-4848.015	33000	3.218651e-08	78139220.0	-0.020714063	-33013112.0	0.6165243	0.011787993	0.123	79.0	3901.6347603797913
33	34417.816	4069.7102	39032.52	28199.303	179.4	18526.191	7593.29	50804.605	1293.4376	34000	-5.853176e-08	69740310.0	-0.01389151	-16311540.0	0.6725199	0.013015893	0.142	9.0	4011.8530037403107
34	38557.3	2386.0742	41406.77	35333.176	167.2	13852.48	5791.1333	31531.258	1720.6903	35000	7.390976e-09	90994664.0	-0.01571452	-19059056.0	0.62548226	0.0041336124	0.089	79.0	4117.643773794174
35	-65877.945	0.0	-65877.945	-65877.945	1000.0	14658.026	2291.082	25458.18	3405.6384	36000	6.103516e-08	443021120.0	-0.0068497295	-420202600.0	0.4028315	0.014081664	0.165	5.0	4236.921139001846
36	36772.562	852.63086	37625.19	35919.93	185.5	-2349.505	5044.9614	21787.852	-7890.938	37000	-4.839897e-08	144419310.0	-0.01498024	-35026850.0	0.57796586	0.008630283	0.115	79.0	4347.294913053513
37	38690.863	3275.124	45584.83	36377.957	160.5	9412.746	6500.7646	27002.74	-5921.453	38000	1.3828277e-08	134711400.0	-0.014740848	-85645600.0	0.5630349	0.01459388	0.115	23.0	4473.1115000247955
38	38399.492	2504.6606	41709.19	34454.703	165.8	17537.7	4643.779	30503.434	674.05457	39000	1.8954276e-08	102200220.0	-0.0051990966	-21220880.0	0.53285486	0.01569053	0.139	7.0	4578.067517518997
39	-5978.603	37920.203	47581.484	-35082.574	244.0	5244.707	10230.541	29774.797	-11981.487	40000	-9.274483e-08	227389120.0	-0.017473776	-114526230.0	0.6389349	0.010390972	0.093	79.0	4703.416818618774
40	40087.574	0.0	40087.574	40087.574	145.0	-4039.0535	6879.416	22995.66	-11220.381	41000	-1.0490417e-08	73083000.0	-0.018028203	-21717316.0	0.448549	0.007811246	0.121	79.0	4816.009882211685
41	40431.094	1731.4323	43109.312	38301.207	161.66667	5903.7407	7490.7725	24603.88	-9182.191	42000	4.6491624e-09	242231140.0	-0.015397639	-175016000.0	0.4035887	0.009584203	0.043	79.0	4938.21191740036
42	40133.84	696.9758	41179.61	38909.867	140.71428	18381.568	4786.422	30447.504	7334.658	43000	4.768372e-10	48878836.0	-0.0118901	-4992172.0	0.41361016	0.0004821331	0.055	79.0	5049.716443300247
43	24717.621	31171.033	41405.836	-37608.855	199.0	17328.35	5793.5537	31208.963	6232.1987	44000	-3.1471252e-08	241645760.0	-0.014596387	-144083870.0	0.41291884	0.0016406409	0.087	79.0	5161.163404941559
44	40762.645	1009.87366	41989.688	38986.36	139.14285	15709.242	4790.223	29787.5	-5980.2046	45000	-2.193451e-08	75062660.0	-0.016640896	-26983616.0	0.40082887	0.006922842	0.1	79.0	5278.155535936356
45	23565.822	31854.434	41140.58	-40093.45	194.2	13274.007	13030.799	33208.1	-11789.333	46000	3.9100648e-08	128222900.0	-0.015040963	-34164400.0	0.395555	0.0012288737	0.093	79.0	5389.389887809753
46	39787.76	1688.8593	43011.793	37554.21	142.66667	14661.352	6429.8945	32114.604	-8542.999	47000	8.106232e-09	71191840.0	-0.013656716	-23605796.0	0.349258	0.008259445	0.047	79.0	5495.4635598659515
47	16462.89	40887.285	41843.41	-54302.074	240.0	7421.398	13970.977	32570.865	-12581.863	48000	-9.298325e-09	100106180.0	-0.014346268	-15573600.0	0.40009376	0.0062626917	0.056	79.0	5606.396048307419
48	-71931.52	0.0	-71931.52	-71931.52	818.0	-5073.8457	10458.89	30545.979	-15022.469	49000	-1.847744e-08	72708744.0	-0.017909296	-63148908.0	0.32391325	0.015502114	0.061	43.0	5721.630250453949
49	40181.844	728.11316	41388.08	38787.066	141.71428	2712.5457	9141.812	27680.828	-11242.164	50000	-1.06573104e-07	370577150.0	-0.013413769	-329409020.0	0.4304525	0.002244737	0.119	79.0	5838.998641014099
50	38484.47	563.85736	39133.984	37530.74	151.0	19736.736	4810.6846	35388.453	-16.435818	51000	-1.2397766e-08	42372884.0	-0.009280676	-4825468.0	0.43257946	0.017611573	0.051	17.0	6047.14904999733
51	22792.094	8654.176	37729.992	17046.215	236.0	18748.207	5952.023	35495.152	-1452.9746	52000	7.2479246e-08	169474320.0	-0.014394265	-96008280.0	0.5752498	0.0105419345	0.071	79.0	6189.093241930008
52	36401.426	2453.7424	38670.207	31332.033	166.0	9147.64	8050.7793	31533.357	-4580.8403	53000	2.503395e-08	125327330.0	-0.0020859698	-71771384.0	0.51447713	0.018163757	0.158	3.0	6302.100807666779
53	37473.734	1721.9219	40424.902	35621.91	159.16667	16941.623	5566.1445	31418.107	-2170.9258	54000	8.8214875e-09	48624500.0	-0.013067705	-1375352.0	0.50642633	0.015347639	0.057	35.0	6423.431087255478
54	39537.953	2073.8618	44050.074	37749.68	147.0	17131.572	5759.4424	33462.527	-1326.554	55000	-1.3351441e-08	49924030.0	-0.016097415	-2940772.0	0.52302	0.0070135756	0.057	79.0	6547.726601600647
55	32218.639	17262.816	41169.105	-9994.2295	128.71428	18983.965	5711.3774	33768.316	-3925.1882	56000	3.6001204e-08	42446124.0	-0.009151464	-349204.0	0.4879494	0.016745927	0.066	20.0	6670.616496086121
56	37816.0	3283.02	40944.03	30817.172	159.0	18361.416	5425.2764	34069.996	720.18335	57000	1.3113022e-08	63912330.0	-0.020702848	-2658064.0	0.53765357	0.01202512	0.111	79.0	6788.72792840004
57	-69093.5	0.0	-69093.5	-69093.5	1000.0	8738.515	4880.981	31245.072	-1100.3921	58000	6.9141386e-09	258764960.0	-0.009277894	-239479200.0	0.51104474	0.021206703	0.23	6.0	6901.398208141327
58	36576.336	1242.4535	38057.977	35153.457	167.2	3953.023	6572.5293	29891.51	-7745.6	59000	-3.0457972e-08	212620900.0	-0.0019784563	-134762500.0	0.64680326	0.033762984	0.289	3.0	7011.858610868454
59	-7625.6953	19132.31	33860.242	-21845.953	161.83333	12535.774	6196.4966	35489.105	-1560.1068	60000	6.437302e-08	369115460.0	-0.018903138	-266846780.0	0.7433963	0.010653483	0.113	79.0	7124.432827472687
60	28616.363	18434.408	40163.24	-8143.828	145.6	-755.0762	8329.088	24475.598	-14699.59	61000	-3.3378602e-09	229126700.0	-0.0147001855	-114691656.0	0.60188293	0.016077176	0.125	37.0	7232.372759819031
61	34548.31	1104.2903	36135.543	33114.89	171.2	9980.656	7300.433	31392.86	-3707.2188	62000	-1.2814999e-08	72664960.0	-0.02029293	-26061140.0	0.6054209	0.0048935697	0.096	79.0	7367.455546379089
62	13128.725	29015.818	39226.64	-26202.62	176.2	12914.403	7266.8105	38182.13	-3276.1963	63000	-2.6941299e-08	177251220.0	-0.0024975964	-62843170.0	0.678222	0.032749277	0.154	2.0	7477.811098098755
63	35852.87	5663.534	40331.008	23522.78	165.66667	8289.025	8563.56	33248.047	-9717.27	64000	-4.053116e-09	137470220.0	-0.0008456609	-70882760.0	0.59422195	0.022797424	0.181	3.0	7583.788471698761
64	25060.0	19537.793	37001.617	-13864.461	171.6	17200.14	8484.648	39448.414	-347.84897	65000	-2.6226044e-08	131427760.0	-0.020353619	-46859730.0	0.5969324	0.008622595	0.127	79.0	7693.624866962433
65	37628.504	1719.7268	39397.242	34464.605	155.16667	10333.748	7795.328	33039.33	-4277.3022	66000	-1.001358e-08	96758696.0	-0.018044405	-57817920.0	0.53620327	0.0039901333	0.1	79.0	7820.909823656082
66	37422.566	1508.8529	38563.387	34193.023	157.0	17917.535	7329.0864	40416.984	-61.051613	67000	-8.5830685e-09	33465186.0	-0.017701045	-1297734.0	0.53856134	0.008758743	0.11	79.0	7927.68664765358
67	20977.225	21367.906	38468.348	-9130.738	155.5	16428.625	6694.029	40243.99	-430.7746	68000	2.7894973e-08	140588350.0	-0.0072757555	-44488090.0	0.560858	0.020104295	0.202	3.0	8034.393450975418
68	36997.332	1864.7439	39530.074	33858.67	159.33333	11443.696	8053.0327	35397.145	-3029.6567	69000	1.3351441e-08	77403976.0	-0.014647836	-42003400.0	0.4920175	0.0115289865	0.093	79.0	8155.442073106766
69	36940.207	3249.6982	40593.516	32689.285	162.5	17030.135	6356.4214	42124.72	686.9382	70000	-1.1086464e-08	43622612.0	-0.024671623	-1504092.0	0.55228335	0.0122377	0.132	79.0	8268.306839704514
70	37024.074	1832.4062	39224.13	34145.926	167.0	17684.215	6548.6284	43523.473	664.39954	71000	-7.1525574e-10	42319570.0	-0.018702338	-3471480.0	0.51878023	0.012641179	0.108	79.0	8384.607058525085
71	38362.434	1605.1754	40544.203	36083.4	151.0	16765.3	6919.8267	44297.47	300.85413	72000	-4.768372e-10	36802144.0	-0.005569504	-2646400.0	0.5467395	0.015591061	0.132	3.0	8500.98184633255
72	37227.78	252.75195	37480.53	36975.027	161.5	6624.192	10752.382	41509.316	-4461.5747	73000	-1.5735626e-08	122907460.0	-0.016615074	-73469370.0	0.5668145	0.0010051465	0.093	79.0	8621.765520572662
73	35913.816	2537.1807	37902.72	31574.879	169.75	7336.0796	11737.595	44518.754	-10667.79	74000	-2.861023e-09	45906700.0	-0.014997811	-5649844.0	0.5558728	0.01404059	0.137	79.0	8738.378730297089
74	36608.668	801.7922	37986.86	35587.977	162.5	15889.148	7354.603	45172.67	-7314.0005	75000	-1.2874604e-08	40377588.0	-0.015567856	-4999052.0	0.52442575	0.014514862	0.091	63.0	8849.169862270355
75	37364.277	1665.8846	38904.652	33820.367	156.0	16636.707	8129.0117	44342.445	-6388.797	76000	5.722046e-09	32309330.0	-0.01384704	-3601970.0	0.4494506	0.016427958	0.114	11.0	8964.999305725098
76	38356.527	1064.5621	40602.156	37400.887	152.66667	18669.76	7621.951	43314.344	-4969.576	77000	-1.502037e-08	30109700.0	-0.0035980197	-1351000.0	0.46860784	0.017740175	0.109	5.0	9071.560530662537
77	24904.918	20373.979	37373.2	-15757.958	173.8	17759.604	7828.38	42122.605	-4991.818	78000	-2.6702882e-08	196834290.0	-0.014848247	-62265120.0	0.5377187	0.0173713	0.11	12.0	9178.088363647461
78	28841.445	10903.0625	38608.945	10627.384	219.75	11962.245	8742.76	39481.28	-6319.8525	79000	3.0994416e-09	222685760.0	-0.015364412	-66606336.0	0.55649817	0.0023476009	0.071	79.0	9323.635088443756
79	36867.652	1110.2124	38806.277	35635.355	164.33333	8636.068	4592.6465	18060.28	-6487.2656	80000	4.774332e-08	133593816.0	-0.015694598	-89376370.0	0.50166863	0.012884348	0.106	79.0	9439.143740653992
80	36163.348	1582.827	38099.79	33874.895	166.8	17036.014	4375.936	27753.13	345.9841	81000	-1.1920929e-09	42661340.0	-0.0069315303	-7492576.0	0.4871353	0.016947983	0.143	13.0	9574.708796977997
81	36455.89	2731.061	40106.95	33166.453	194.8	15944.779	4661.2734	30363.867	-3095.15	82000	-1.6689301e-09	61150396.0	-0.017869985	-3236232.0	0.56879103	0.009327112	0.107	79.0	9685.550793647766
82	36520.156	1294.9042	38749.426	34748.523	165.16667	15634.236	5827.2656	31908.639	-4573.103	83000	1.2874604e-08	45832216.0	-0.0066648717	-5447828.0	0.5402289	0.016386352	0.16	5.0	9797.730705738068
83	38167.926	1642.156	40699.56	35528.832	171.6	17535.455	5567.022	34031.387	-4992.0664	84000	1.9073487e-09	61788124.0	-0.005525053	-6240396.0	0.5333591	0.015884848	0.125	8.0	9909.946216106415
84	38259.094	1668.1407	40211.668	35544.402	155.66667	14903.136	6254.7593	33302.633	-3920.3203	85000	-9.834767e-09	63126530.0	-0.019645315	-13415344.0	0.42693707	0.011492794	0.08	79.0	10030.717349529266
85	37959.51	1251.9349	39429.88	35836.79	160.66667	18955.752	5990.368	35475.055	-204.0208	86000	7.867813e-09	45808812.0	-0.021501254	-898928.0	0.509247	0.00794309	0.083	79.0	10151.139037847519
86	36946.375	1023.69037	38523.96	35752.277	164.5	18261.229	6517.6064	35472.04	529.101	87000	1.7642975e-08	40047716.0	-0.012763203	-2158528.0	0.4584427	0.009196524	0.071	79.0	10266.923848628998
87	38976.93	1004.23865	40365.457	37512.543	146.83333	16966.057	6150.99	34079.293	-915.03876	88000	-5.722046e-09	36002284.0	-0.017263228	-2660796.0	0.41238195	0.016306095	0.073	54.0	10378.139290571213
88	37066.37	2990.9111	39332.74	30616.646	158.0	18428.355	6099.068	37120.223	-1206.3141	89000	2.193451e-08	42352904.0	-0.0114706075	-2020748.0	0.43006602	0.016933944	0.068	25.0	10494.078705310822
89	38584.207	1310.6256	40149.87	36436.875	156.0	16946.506	5907.8774	35371.85	-1967.3109	90000	3.9339065e-09	47844530.0	-0.018710783	-3418896.0	0.4877325	0.0054172836	0.101	79.0	10606.553792238235
90	22571.582	18804.213	41375.793	3767.3696	427.5	6965.307	9808.705	36591.254	-3681.2314	91000	-2.0802021e-08	140632720.0	-0.011561627	-22943024.0	0.46075264	0.014413201	0.124	79.0	10715.083796739578
91	37816.99	601.6005	38507.582	37016.86	152.83333	12780.219	8019.166	34686.38	-565.7283	92000	1.4305115e-09	73254330.0	-0.015475102	-32978308.0	0.45950815	0.006955367	0.056	79.0	10832.401978254318
92	39286.203	1711.303	42100.066	36660.594	150.33333	17820.264	5938.6943	35310.34	1267.4099	93000	1.5735626e-08	37946224.0	-0.018692067	-1687000.0	0.45508727	0.012485188	0.097	79.0	10939.31455373764
93	35532.19	2928.816	39721.316	31427.87	164.0	18287.271	6294.189	37157.15	2729.7034	94000	9.298325e-09	50701010.0	-0.014844007	-3702292.0	0.436262	0.009380745	0.067	79.0	11050.737357139587
94	36841.68	1520.5802	39281.023	34913.83	186.0	15726.558	5807.6865	36000.008	2500.7104	95000	-1.692772e-08	69009080.0	-0.004285727	-7724008.0	0.49339747	0.022858288	0.175	3.0	11161.047421455383
95	37185.52	2396.8767	38930.35	31983.666	160.33333	16132.054	7093.4824	35390.176	3095.2317	96000	5.00679e-09	38880164.0	-0.010632081	-3633232.0	0.42544025	0.0152671905	0.151	12.0	11283.678718566895
96	-103183.01	0.0	-103183.01	-103183.01	1000.0	5501.4805	3785.139	27824.064	2336.4219	97000	2.9730796e-07	255032290.0	-0.010377527	-240954270.0	0.52599627	0.01669611	0.147	12.0	11392.980699062347
97	37339.473	1109.7948	38837.375	36054.31	162.66667	1398.0382	9218.961	28651.13	-11064.216	98000	2.0980835e-08	327964220.0	-0.015263527	-273625660.0	0.40578005	0.002293543	0.089	79.0	11503.59932088852
98	37078.0	1719.8542	39346.29	35183.594	156.33333	15173.382	6193.2163	37032.133	-1443.8618	99000	3.0994414e-08	177546600.0	-0.01089028	-114511944.0	0.47584382	0.015518636	0.085	46.0	11628.885449171066
99	37973.508	2171.447	39957.19	33341.754	155.5	13298.929	5440.6055	32645.67	-8313.84	100000	-1.3113022e-08	66080150.0	-0.014800236	-26671244.0	0.3877765	0.009215003	0.05	79.0	11745.362580299377
