Epoch	AverageEpRet	StdEpRet	MaxEpRet	MinEpRet	EpLen	AverageVVals	StdVVals	MaxVVals	MinVVals	TotalEnvInteracts	LossPi	LossV	DeltaLossPi	DeltaLossV	Entropy	KL	Time
0	-24248.908	6704.6606	-16459.215	-37635.28	129.14285	0.17809351	0.10490296	0.43819416	-0.13454434	1000	0.013962358	113112650.0	-0.0075834696	-8456912.0	1.0748957	0.002375484	146.6487262248993
1	-24118.12	7494.305	-13095.461	-34676.59	122.85714	-462.052	64.52941	-255.76341	-671.07965	2000	-0.00036412405	105295416.0	-0.0069727795	-63139504.0	1.0661223	0.0077437405	254.86790466308594
2	-46417.0	14220.812	-32196.19	-60637.812	262.0	-4555.921	511.36044	-3294.9553	-5861.4756	3000	-0.00888615	85730160.0	-0.0037271595	-79764230.0	1.0578738	0.0021029268	366.2987766265869
3	-236090.78	0.0	-236090.78	-236090.78	1000.0	-12081.661	1809.8693	-7991.0806	-17017.72	4000	-0.006933486	156859090.0	-0.0009388514	-124644990.0	1.0596687	-0.0001261683	479.31871151924133
4	-167990.28	0.0	-167990.28	-167990.28	806.0	-24690.871	3423.455	-13926.009	-33850.203	5000	0.007302006	54627892.0	-0.0013898448	-38839424.0	1.011333	-0.0024378628	593.2482631206512
5	-254006.56	0.0	-254006.56	-254006.56	1000.0	-17956.629	1965.5521	-13181.323	-24668.686	6000	0.0023819685	114248120.0	-0.003268612	-54905320.0	1.0462571	5.5238455e-05	702.8417863845825
6	-74186.266	2714.0742	-71472.19	-76900.336	403.0	-25594.53	2927.4143	-16847.58	-34201.49	7000	-0.0020052728	116248130.0	-0.00018845848	-109415930.0	1.0199267	0.0019124739	813.3568165302277
7	-87617.8	0.0	-87617.8	-87617.8	479.0	-15168.074	1801.7413	-9803.616	-20951.87	8000	-0.024264475	12994234.0	-0.0008453131	-1706950.0	1.0368044	-0.00024281669	947.7263627052307
8	-240537.94	0.0	-240537.94	-240537.94	966.0	-15885.896	1804.8446	-10989.46	-21144.545	9000	0.004012989	97677800.0	-0.0024159215	-51667890.0	1.047559	-0.0014375289	1060.6312909126282
9	-64788.203	35533.832	-15420.8545	-97603.83	332.66666	-22664.693	2987.969	-12009.333	-30805.377	10000	0.008254758	56338070.0	-0.002877791	-47530264.0	1.0493308	-0.0015750284	1174.093152999878
10	-59632.383	3755.2578	-55877.125	-63387.64	367.5	-16255.678	2542.5632	-9296.24	-23933.195	11000	0.02527469	22196322.0	-0.004726641	-15119614.0	1.0594153	-0.00023124635	1287.8132717609406
11	-238776.27	0.0	-238776.27	-238776.27	1000.0	-12589.166	2018.1248	-5384.4424	-17740.756	12000	0.010130205	182232740.0	-0.0016699489	-127010020.0	1.0246499	0.0026805557	1410.4725584983826
12	-61944.816	12363.543	-49581.273	-74308.36	377.5	-20827.63	4648.079	-7454.0693	-30982.031	13000	-0.002859218	78328440.0	-0.0026106378	-66289280.0	1.0644392	0.00213904	1514.6377663612366
13	-29360.525	17571.24	-15878.895	-59554.375	157.25	-15180.838	2635.341	-3025.6016	-20688.799	14000	0.0008453307	13256561.0	-0.00062608527	-2435189.0	1.06752	0.0009891273	1623.0732357501984
14	-29939.953	14143.655	-18317.357	-55893.324	193.4	-14292.354	2462.0718	-5427.24	-19941.428	15000	0.010106196	16807122.0	-0.0042271884	-8019377.0	1.075856	-0.0014042709	1732.2310180664062
15	-25207.998	8955.524	-15489.841	-44168.965	129.33333	-11228.039	1555.4597	-6662.0513	-15869.231	16000	-0.0026537012	2114962.8	-0.0041589513	-57584.75	1.0840774	0.0046097124	1844.4981813430786
16	-21680.879	6242.6533	-7586.8833	-30012.94	115.125	-10970.603	1745.8773	-4694.0903	-15086.758	17000	-0.006122947	5094298.5	-0.0068264683	-716292.0	1.0880306	0.0058160913	1953.7211389541626
17	-16539.89	3553.5073	-7348.964	-20724.367	90.818184	-9235.14	1878.1411	-2557.4304	-13961.582	18000	-0.010669466	9647241.0	-0.0050290264	-1465130.0	1.0870984	0.00046430982	2064.5944850444794
18	-16807.768	3427.597	-7176.0767	-20948.947	82.75	-9028.65	1652.7922	-4012.5244	-13281.164	19000	-0.015277862	5667005.5	-0.006216352	-580892.5	1.077779	0.0034128022	2186.556031227112
19	-14299.392	4563.343	-3074.7263	-20015.65	76.69231	-8608.182	2228.1167	-1613.2969	-15310.3545	20000	-0.020704838	11283628.0	-0.0028973501	-997467.0	1.0731428	0.0011832614	2293.623317718506
20	-12413.388	4893.541	-3844.6807	-19270.186	81.416664	-8405.075	1679.1068	-3393.1914	-14723.905	21000	-0.017575592	13652242.0	-0.0040214453	-3573482.0	1.0572417	0.0023758607	2410.541201353073
21	-15042.02	3561.0125	-5897.516	-19522.729	80.545456	-6439.3555	1814.4758	-2215.7212	-14572.832	22000	-0.026247522	12061743.0	-0.0010988526	-3556348.0	1.0539637	0.0012703078	2518.3070118427277
22	-12664.825	5132.159	-3479.5742	-19615.998	79.0	-7808.6807	2342.637	-3178.8704	-17327.664	23000	-0.032529943	15245136.0	-0.0023450106	-3056011.0	1.0437065	0.0003620583	2622.4978692531586
23	-11455.555	5699.562	-2619.6904	-17996.65	76.833336	-7425.485	1802.9524	-4053.093	-14305.803	24000	-0.031236464	12727397.0	-0.0017337408	-1329522.0	1.0396638	0.0003342848	2730.359097480774
24	-7807.147	12757.29	31134.682	-17454.127	87.09091	-6970.4556	1552.4156	-3246.9707	-11214.165	25000	0.0031199795	114430840.0	-0.00030379836	-15656760.0	1.0321491	0.0006829518	2837.0698506832123
25	-9731.885	4853.7163	-2261.7898	-16438.068	70.14286	-4340.235	1668.3605	-1844.1799	-9441.972	26000	-0.023203857	17267730.0	-0.0017509647	-4477984.0	0.99123895	-0.00087606587	2945.1548676490784
26	-11407.899	6038.1826	-3162.1362	-23995.693	85.90909	-5925.879	2128.6482	-2676.4893	-13379.378	27000	-0.026393572	14960209.0	-0.0022439323	-3185650.0	1.0084883	-0.00024603365	3053.1171793937683
27	-12872.214	6642.7583	-3472.5493	-22990.316	98.0	-7446.298	2440.7896	-3537.8413	-13867.02	28000	-0.034248993	11369873.0	-0.0012698583	-454300.0	1.0141577	0.00048573024	3160.206254005432
28	-11111.644	12895.833	-1392.0576	-46473.707	98.1	-7739.212	2540.4165	-3402.8489	-15996.917	29000	-0.030602595	21911502.0	-0.0013099778	-3613986.0	0.98463213	0.0005944842	3268.0113570690155
29	-5065.537	14246.634	36864.867	-17415.68	86.09091	-7274.582	2975.1057	-3153.485	-14089.556	30000	0.0031910997	127586200.0	-0.0003229326	-32225328.0	0.98605216	0.0005769085	3375.819216966629
30	-11961.553	5575.08	-2597.1575	-21543.34	82.27273	-3277.5693	2209.6863	-938.9156	-9614.843	31000	-0.02509199	28673192.0	-0.0016358066	-16418298.0	1.0047995	0.001734297	3483.2870166301727
31	-13151.336	3879.248	-4023.9336	-19100.62	98.0	-7566.7183	2771.349	-3308.0261	-16250.563	32000	-0.03724277	10284958.0	-0.0027101152	-1396782.0	0.9588367	-0.00022884154	3590.6762070655823
32	-11779.299	6894.085	-2761.1782	-28240.346	87.6	-7828.1714	2852.9988	-3555.2615	-14562.532	33000	-0.037758898	12266883.0	-0.0022998042	-1018618.0	0.9551378	0.0014304459	3697.6272161006927
33	-12487.217	7348.491	-1058.2941	-27413.81	116.375	-7361.494	2778.1682	-3534.7585	-14709.866	34000	-0.03247829	11912840.0	-0.0015272424	-1421868.0	0.94486886	0.00024405665	3805.2335176467896
34	-14774.025	11851.279	-2064.6526	-48897.82	90.36364	-7837.377	3066.8596	-2870.8613	-15031.01	35000	-0.023427218	17606982.0	-0.0027849805	-4296145.0	0.9421079	0.0004172881	3913.043437242508
35	-7561.1807	13758.105	38022.316	-15137.431	66.53846	-8267.934	2929.854	-3559.2227	-18605.803	36000	-0.020301474	146139800.0	-0.001048563	-38763776.0	0.9077712	0.00015255049	4020.8311207294464
36	-11430.911	7295.8	-2189.7534	-29160.498	73.0	-3861.7275	2171.0222	-1066.0864	-9889.989	37000	-0.025437057	24712642.0	-0.0012517255	-9507431.0	0.91230625	0.00032814604	4129.788016319275
37	-8219.354	6051.94	39.915207	-19711.375	70.78571	-6467.904	2896.6833	-2673.987	-13764.899	38000	-0.047502205	16612854.0	-0.0010977723	-1824211.0	0.89277214	-0.00012541113	4237.872587919235
38	-10676.296	23294.887	35773.375	-42595.24	130.0	-6940.494	2626.371	-3011.5298	-13836.42	39000	-0.020014672	119035470.0	-0.0009181388	-8007216.0	0.89980114	0.0008174743	4345.343554973602
39	-5590.6177	14916.301	36999.29	-23212.473	81.545456	-5020.057	2408.9526	-1454.2439	-11809.179	40000	0.0140555855	105171950.0	-0.00081715174	-5757752.0	0.8730153	0.0007073115	4452.916081190109
40	-993.80884	24854.137	38262.09	-40659.055	118.875	-3220.4924	2144.7012	-787.41833	-13035.341	41000	0.058913965	204872640.0	-0.00025787577	-4296512.0	0.8265007	-0.0006204403	4560.780702352524
41	-3339.359	15230.1	40285.133	-16096.743	88.1	-2631.3406	2340.9023	-1.9229023	-13087.663	42000	0.026667282	95679380.0	-0.0015726984	-2628840.0	0.83611107	0.0005637642	4668.078975200653
42	-5187.028	14777.086	38153.02	-15043.051	85.36364	-2448.667	2694.311	377.17383	-9571.019	43000	0.0068106963	104608630.0	-0.0010338817	-1107360.0	0.8086415	-0.00023273581	4775.921372652054
43	382.18402	17323.91	41125.535	-14632.834	109.666664	-3029.9585	2921.2065	291.59332	-11638.716	44000	0.038363133	161109220.0	-0.00021843612	-12581536.0	0.8295018	-0.0008086533	4884.249360561371
44	-8610.778	4953.3887	-1295.7983	-16420.787	64.07143	-1112.383	3023.505	2372.7231	-8739.644	45000	-0.015491497	38929416.0	-0.0038181785	-19880734.0	0.8320176	0.0021778566	4992.511579036713
45	947.5113	18268.203	41750.195	-12791.252	76.818184	-4740.724	3287.3118	-602.0733	-14780.95	46000	0.03442147	185827870.0	-0.0025015846	-26816112.0	0.83660257	0.0030657845	5099.6851489543915
46	-10302.237	4364.4424	-4215.7017	-14660.947	170.8	-1544.0359	3242.203	2593.6501	-11912.294	47000	0.029708495	82137870.0	-0.0005106274	-12012304.0	0.8713894	0.00043867272	5207.5933401584625
47	-5332.369	18918.846	43331.65	-18187.945	116.25	-4133.0386	3437.4407	556.3409	-15532.073	48000	-0.012537941	111895544.0	0.00014861394	-1838808.0	0.8454215	2.5249541e-05	5315.281432151794
48	772.0472	24607.752	42313.082	-20610.14	125.28571	-2694.6975	3529.5342	1257.4215	-12939.105	49000	0.049032524	176635620.0	-2.8632581e-05	-8491632.0	0.8502798	0.00017883751	5422.642262458801
49	-8237.15	17736.393	37947.223	-30205.041	93.888885	-1572.2662	3906.6086	2526.3809	-12729.383	50000	0.027833162	110757860.0	-0.00013639033	-7688632.0	0.84656715	2.0601676e-05	5530.227628946304
50	-6802.673	20260.271	41170.375	-25321.363	136.71428	-2802.798	3460.5596	1171.0497	-16407.92	51000	-0.00022149182	128780570.0	-0.0007096152	-4611096.0	0.8169191	6.901011e-05	5638.937289953232
51	-13371.816	2818.907	-11287.983	-20556.754	110.75	-5276.481	3826.1943	315.76895	-14591.336	52000	0.0039571184	16886636.0	-0.0037804379	-6548760.0	0.86381304	0.001425842	5746.052607536316
52	-4023.3103	17645.904	38886.535	-13470.895	121.0	-6865.722	3598.9458	-1238.1807	-20731.803	53000	0.02517084	108507870.0	-0.0016628336	-12343496.0	0.79847926	-0.0005155532	5853.75453543663
53	-4582.211	17213.822	40518.13	-14786.611	124.625	-3311.5535	2848.1072	779.34265	-11238.659	54000	0.003914692	100253704.0	-0.0010141926	-1421192.0	0.7874562	0.00018671644	5961.322682619095
54	-7543.311	17451.332	38551.668	-15367.601	117.375	-3618.483	3642.4834	755.9026	-14200.515	55000	0.026689159	96892980.0	-0.000628341	-1239848.0	0.8446787	0.0014452356	6067.997514486313
55	3262.6008	23049.031	44976.016	-15139.841	120.71429	-3469.0017	2972.6511	949.79004	-14538.347	56000	0.044330195	181882180.0	-0.00067834556	-17672944.0	0.8214977	0.0006482775	6175.215337753296
56	7383.904	23357.484	45138.344	-13415.839	108.44444	830.06946	2503.4102	3549.8865	-10895.5	57000	0.04424199	222201550.0	-0.0011290833	-14838128.0	0.7959627	0.00074033294	6282.954551696777
57	-13378.047	6195.817	-2042.2462	-20756.982	139.5	2365.934	4211.081	8636.905	-12142.172	58000	0.04437432	114182160.0	-0.00089857355	-98329380.0	0.7872726	-0.00022570044	6390.224322319031
58	17826.213	24524.445	40797.29	-15115.697	131.85715	-5744.4146	3933.6528	106.62114	-17602.0	59000	0.026963824	407260640.0	-0.000199778	-173966430.0	0.7662032	9.370981e-05	6497.341074228287
59	4206.8438	24532.068	39752.332	-14343.36	110.77778	4740.98	2666.896	9532.757	-7814.431	60000	0.017553287	213217390.0	-0.00056222826	-6323472.0	0.791687	0.0008670406	6604.796245336533
60	-71.461716	19126.863	38425.11	-12932.164	95.7	3046.6133	3294.0547	7610.2227	-10763.087	61000	0.06103266	178159330.0	-0.00028066337	-7975744.0	0.7632964	-0.000121977246	6713.863991975784
61	-4504.7485	15227.878	32047.064	-12675.874	120.0	1366.836	2667.48	5657.829	-11572.934	62000	0.06903555	113083550.0	-0.00063475966	-23442440.0	0.7913065	-0.0002357395	6821.218966722488
62	8340.96	26668.408	43932.062	-18742.871	139.85715	-2717.6963	3763.011	1179.9407	-18383.305	63000	0.052854277	258435460.0	-0.00041960925	-44446256.0	0.79632515	7.4790405e-05	6928.689343214035
63	21822.824	21265.34	38850.934	-12733.452	195.0	2612.2275	2603.5955	6486.6445	-10984.751	64000	0.06485401	229781070.0	-0.00037050247	-13587808.0	0.7797317	0.00018038481	7036.235976457596
64	-1371.2334	20012.283	36106.89	-15800.747	103.55556	4768.233	3102.3706	10825.466	-9070.277	65000	0.026504144	185335380.0	-0.00070991926	-18948512.0	0.78991884	-0.00012449086	7144.2662489414215
65	24034.873	21880.996	44734.613	-9881.082	141.5	1803.5269	2157.7673	5115.956	-9237.263	66000	0.04677511	253827650.0	-0.0005295947	-47977490.0	0.7533464	0.00020177377	7252.503852367401
66	449.69406	27598.932	40883.5	-38337.94	135.71428	6826.249	3582.8372	14912.849	-8541.766	67000	0.05390995	251211400.0	-0.00044435635	-66930690.0	0.7662817	0.00033482607	7360.047629117966
67	4076.369	23625.121	40424.367	-15500.232	109.55556	314.0733	3294.1953	5012.159	-12790.491	68000	0.07847288	217461620.0	-0.0007308796	-10808144.0	0.7694122	-0.00017066191	7468.2940418720245
68	23182.66	22384.31	39226.598	-12863.593	132.0	3594.362	2625.0066	8699.319	-7550.811	69000	0.06387958	254538180.0	-0.0005572885	-63887216.0	0.7745487	0.00017477582	7575.454386472702
69	25066.732	23648.576	41398.668	-13576.394	139.0	10075.638	4135.5493	19336.242	-7425.4507	70000	0.08276182	218610660.0	-0.00012972951	-5415488.0	0.7504205	-0.0003459745	7682.246537923813
70	9507.172	27182.943	45903.62	-15199.547	127.0	10808.92	3506.8987	18950.816	1271.6713	71000	0.03387014	255490980.0	-0.0012578629	-41838990.0	0.77504706	0.00024005314	7790.203677892685
71	13854.5	26663.754	42893.004	-13792.476	114.25	5585.566	2985.2312	12031.998	-4895.666	72000	0.024647107	220280060.0	-0.0015355591	-13049536.0	0.75829786	0.0011425116	7897.906841516495
72	29292.486	19445.47	42253.11	-13785.025	162.0	7960.389	3504.1362	16923.78	-2522.0435	73000	0.08615564	206236480.0	-0.0020215288	-15008496.0	0.75009304	0.002367659	8006.385540723801
73	25338.717	20680.793	41542.645	-13013.026	127.0	10971.661	3971.967	20501.889	-910.23	74000	0.10803281	161631700.0	-0.0030257702	-9604608.0	0.7665631	0.004310855	8114.991429567337
74	14206.0625	25520.066	40085.086	-12182.727	150.0	13244.669	4862.078	22856.953	-2438.527	75000	0.070765	266085260.0	0.0004478097	-84933380.0	0.7618038	-0.00031601632	8222.801501989365
75	7134.425	27357.303	43812.75	-26909.172	117.375	5225.676	4697.483	12817.567	-19593.637	76000	-0.009436658	228257390.0	-0.00018988084	-7071104.0	0.7529281	0.00023648312	8330.686235189438
76	-369.49628	22737.555	45940.523	-13788.935	96.6	4039.2458	4618.4155	9303.026	-12381.757	77000	-0.004164103	191731890.0	7.0847105e-05	-13410592.0	0.75225806	5.919042e-05	8438.900354623795
77	9128.85	25554.44	46586.53	-12821.545	107.75	1105.3798	3807.874	6112.884	-12536.862	78000	0.0076401834	215660960.0	-0.000474161	-16460128.0	0.7269065	0.00013189277	8546.979414224625
78	4181.116	23614.377	40747.45	-17495.69	129.0	3464.375	5848.805	15106.937	-28009.525	79000	0.06321229	160747100.0	-0.0001257509	-8290272.0	0.721203	-0.00015686273	8655.739083766937
79	12309.899	25985.688	44692.188	-12228.453	128.0	2100.7346	3793.3052	6839.172	-14483.454	80000	-0.02925171	198314600.0	-0.0013034698	-14064208.0	0.70302486	0.000108722685	8763.0197930336
80	9303.436	26958.922	46009.332	-14878.858	95.4	5200.8916	4967.7	10335.733	-16782.86	81000	-0.014490588	244127540.0	-0.00081366487	-35968384.0	0.7710109	-0.0002613336	8871.66226387024
81	23414.9	23689.035	41606.875	-12392.213	152.0	10390.928	3931.4954	17794.646	-10751.657	82000	0.07416423	200068940.0	-0.0002605766	-16504416.0	0.7137948	-0.0002982152	8979.075645446777
82	30872.209	18976.549	43165.176	-11048.016	150.66667	9249.03	2875.5835	13144.706	-9979.306	83000	0.033280816	171413730.0	-0.00041792542	-20113488.0	0.75220144	4.797298e-05	9085.880247831345
83	7912.441	25359.87	44598.754	-14373.147	104.111115	10591.992	6970.3228	22254.611	-18017.775	84000	-0.017330825	224008110.0	-0.0019629616	-28166656.0	0.70830417	0.00040353183	9194.164204835892
84	35486.83	20263.176	46621.805	-13907.421	129.42857	7677.4136	3824.4688	11888.002	-14824.619	85000	0.0029576302	236499570.0	-0.0005338192	-115596800.0	0.71367276	0.0007704414	9302.022434949875
85	26315.45	23590.152	43638.902	-11854.928	121.71429	17712.238	4748.7188	26457.373	-6799.7153	86000	0.07363495	221988700.0	-0.0001513362	-48904256.0	0.7030177	6.315826e-05	9409.69379067421
86	22803.781	25303.945	41516.93	-14120.452	147.66667	12193.845	4138.2803	18536.22	-4111.0747	87000	0.026182575	196099090.0	-0.00013354607	-13623376.0	0.71003604	0.0001544475	9517.660479307175
87	22890.264	24925.9	45360.977	-13634.105	152.0	9997.307	3767.834	16085.575	-11395.243	88000	0.054330196	183026350.0	-5.2075833e-05	-3582880.0	0.6972845	-0.00026161128	9625.167937040329
88	33720.57	18695.377	44403.688	-11826.061	142.42857	10184.102	3418.7947	15855.895	-5375.106	89000	0.028737163	185581870.0	-0.00020093843	-34409470.0	0.67636555	-0.00024356242	9733.49349308014
89	22132.523	24260.06	42334.312	-13129.501	139.33333	14714.981	5013.1665	20455.984	-12557.014	90000	0.059105933	194253550.0	-0.00052025914	-33612750.0	0.7549021	9.935756e-05	9840.545058727264
90	14049.667	26755.828	41958.098	-15715.695	154.5	9517.577	4401.972	16328.696	-12680.003	91000	-0.010952366	209567680.0	-0.00062832516	-14302640.0	0.732529	0.00026237773	9948.485148906708
91	22792.998	23267.717	44597.555	-10557.814	150.0	6403.943	3639.6045	15081.008	-8736.033	92000	-0.023120945	175826380.0	-0.00086279213	-20881456.0	0.69535583	0.0011381705	10055.616315364838
92	41040.94	3204.281	46802.44	37228.926	142.0	11032.96	3150.1526	15588.554	-4580.7007	93000	0.02472123	165886610.0	-0.00050887465	-84863390.0	0.6881347	-1.0207623e-05	10163.793167352676
93	23373.58	23843.684	41632.875	-16088.804	136.0	17977.842	4094.9019	26262.824	7645.5415	94000	0.048666593	177734560.0	-0.0004268214	-35213330.0	0.7283431	0.00014858729	10271.814582109451
94	16927.922	25122.324	41833.24	-12125.6875	112.57143	13164.829	3502.7397	24683.453	-3950.798	95000	0.03158937	171679550.0	-0.0013660695	-23663488.0	0.7348673	0.001361128	10379.9306640625
95	28939.287	17668.729	38846.434	-6377.9346	154.6	9718.401	3915.784	19124.105	-3380.7695	96000	0.06339223	148122500.0	-0.0015852749	-5507312.0	0.7240803	0.0016780695	10487.751959562302
96	26129.51	23075.854	42424.77	-12122.728	131.14285	9910.722	3896.7234	20227.912	-5272.733	97000	0.009272526	157773570.0	-0.0011038389	-15991680.0	0.69420266	0.00020351462	10595.765062332153
97	27515.004	22705.645	42974.23	-9726.461	136.85715	12828.458	3948.6458	20889.488	-4117.287	98000	0.02811949	163521550.0	-0.00010099448	-12974928.0	0.6642166	-0.00054201804	10703.453491687775
98	27005.27	22866.57	43402.82	-10749.267	137.42857	12989.896	4972.4624	21795.05	-9071.869	99000	-0.029093053	184480880.0	0.0003305301	-7941472.0	0.6901554	-0.0008039355	10811.73863863945
99	26686.709	23614.717	44201.41	-11951.852	139.42857	13174.482	5190.346	21156.66	-11637.413	100000	-0.028966324	166165650.0	-0.00024147332	-7803904.0	0.68103355	6.1236555e-05	10919.10687160492
