Epoch	AverageEpRet	StdEpRet	MaxEpRet	MinEpRet	EpLen	AverageVVals	StdVVals	MaxVVals	MinVVals	TotalEnvInteracts	LossPi	LossV	DeltaLossPi	DeltaLossV	KL	BacktrackIters	Time
0	-11463.731	1822.8694	-7869.976	-14773.091	53.555557	0.1395183	0.092089854	0.36175483	-0.22427586	1000	1.4305114e-08	66779380.0	-0.01461309	-7197040.0	0.004200755	0.0	123.38066244125366
1	-11588.477	2231.2573	-6155.1157	-15891.486	58.47059	-464.95645	115.45263	-185.93953	-718.3114	2000	-1.3351441e-08	61349324.0	-0.015424524	-42019390.0	0.0046154475	0.0	243.48797512054443
2	-12037.197	3044.2869	-7570.8823	-21913.121	66.26667	-4427.0547	920.9556	-2012.4982	-6491.3506	3000	5.4359436e-08	18108834.0	-0.013849394	-13327204.0	0.0039814143	0.0	355.97954177856445
3	-13738.727	3676.4827	-9840.434	-22396.62	108.55556	-7174.34	1976.3668	-639.9392	-11337.9	4000	-1.1444092e-08	8810983.0	-0.011917356	-1500762.5	0.0032035885	0.0	468.0721561908722
4	-18440.21	6396.348	-12973.461	-31841.953	161.0	-6918.0127	1653.2484	-1024.325	-11487.825	5000	-1.1444092e-08	6791640.0	-0.010954621	-771133.0	0.0022318757	0.0	576.5879487991333
5	-12185.433	6874.323	-3151.781	-30947.912	98.9	-6265.6235	1496.638	-1439.0095	-12115.778	6000	-2.1457671e-09	11331174.0	-0.014501337	-1637482.0	0.0044499603	0.0	681.4365086555481
6	-14082.544	3275.8064	-11270.516	-20468.527	178.2	-6457.122	1513.7676	-1676.241	-10936.684	7000	2.336502e-08	21790432.0	-0.016109403	-5961004.0	0.0038965088	0.0	788.0862982273102
7	-11166.098	3956.9812	-5557.989	-20201.637	117.25	-4643.6006	1299.2676	-1090.8833	-8568.396	8000	-2.7656554e-08	10663884.0	-0.016492836	-708616.0	0.004199977	0.0	895.54913854599
8	-10340.098	2793.2764	-4675.634	-15717.634	83.5	-5370.015	1597.2607	-1580.5966	-10080.758	9000	2.5272369e-08	11883670.0	-0.016457224	-292318.0	0.0040271017	0.0	1006.8232700824738
9	3933.6235	21098.826	45608.13	-12711.7705	179.8	-5118.59	1584.5925	-1634.9694	-11030.285	10000	3.385544e-08	146006240.0	-0.012907471	-37169336.0	0.003837198	0.0	1114.5351338386536
10	-9899.416	2035.8916	-5742.1187	-11865.951	116.875	-768.50214	454.191	-172.40604	-3454.06	11000	-2.6226044e-08	31548018.0	-0.013186258	-11317436.0	0.0038980374	0.0	1232.028330564499
11	-17313.133	7867.0205	-11776.254	-30823.004	197.25	-3184.3345	1112.6869	-824.7927	-5455.3447	12000	1.3113022e-08	23338622.0	-0.021567032	-1844614.0	0.0061275545	0.0	1344.6165335178375
12	4343.8438	25093.703	47786.133	-11248.989	234.5	-3508.029	1158.2122	-1224.6217	-7986.7085	13000	-7.1525574e-10	129263270.0	-0.018667266	-13473008.0	0.005523698	0.0	1450.5348987579346
13	2325.4634	27541.322	48366.938	-23488.264	246.5	-1318.9268	856.91455	-293.38196	-4426.37	14000	2.4318695e-08	132164980.0	-0.012985053	-2098624.0	0.003942522	0.0	1551.4691381454468
14	-3446.8032	18440.715	51198.47	-15504.225	95.8	-834.8669	694.8409	-92.61556	-4665.261	15000	-4.4107438e-08	142840880.0	-0.012880506	-651808.0	0.0040967646	0.0	1658.003282546997
15	-14063.975	9599.401	-7070.1865	-32877.746	170.8	-1834.1116	1803.5637	-41.27558	-7621.6187	16000	5.4836273e-09	25282982.0	-0.01933975	-10493920.0	0.0042001847	0.0	1764.0515983104706
16	24603.95	29356.445	48733.117	-14458.203	187.8	-3088.567	1497.9866	-778.8459	-10693.97	17000	-1.2397766e-08	373694100.0	-0.011514741	-75540100.0	0.003097107	0.0	1876.2839498519897
17	28409.656	31226.885	55084.02	-10583.291	165.0	-189.0365	450.8031	48.92301	-2632.4292	18000	-8.642673e-09	371176130.0	-0.024925394	-48043650.0	0.006751805	0.0	1987.701378107071
18	14449.3545	26865.904	54052.12	-10087.15	160.66667	1652.9247	517.34607	2901.904	711.08356	19000	7.867813e-09	205301650.0	-0.026793754	-18212528.0	0.0049501867	0.0	2094.6774895191193
19	1542.3064	21344.11	57443.47	-10406.86	108.625	5187.1025	1317.4164	9183.905	2233.0874	20000	3.6358834e-09	158215310.0	-0.015162409	-12143744.0	0.005358827	0.0	2201.1736941337585
20	28076.512	26619.842	56059.62	-1320.0632	209.5	3269.8374	1256.9796	7135.79	877.3366	21000	-3.4451485e-08	184499500.0	-0.020693472	-27514048.0	0.0060000983	0.0	2312.998632669449
21	36207.992	25769.178	52143.004	-8402.519	175.75	7962.305	2188.1584	13949.939	2604.9924	22000	8.5830685e-09	175225340.0	-0.021458052	-24503296.0	0.005308113	0.0	2414.5306720733643
22	15020.99	30181.209	54652.08	-15897.602	161.8	11263.216	3883.9	19895.857	2586.7292	23000	1.8715859e-08	168654380.0	-0.014915374	-22756144.0	0.005269557	0.0	2527.1084966659546
23	6441.0264	21337.154	48751.85	-7617.578	155.2	6365.875	2460.0793	14588.787	1902.0066	24000	1.9550324e-08	106468000.0	-0.016274191	-11008976.0	0.0038810507	0.0	2628.5264797210693
24	29876.988	28635.46	54267.324	-8941.685	181.8	4491.6	1862.9789	12516.114	1135.5009	25000	-3.33786e-08	232397250.0	-0.018782727	-64598850.0	0.004413156	0.0	2740.7322974205017
25	23489.326	23201.805	50354.176	-6258.596	305.33334	12983.182	4413.341	25065.518	3259.524	26000	7.867813e-09	213277440.0	-0.017841142	-74005250.0	0.0039842334	0.0	2857.540861606598
26	11108.805	28358.61	58927.37	-11610.17	117.333336	5172.471	3487.2664	14121.882	-886.1636	27000	2.5987624e-08	185971440.0	-0.015250957	-12996960.0	0.0034781885	0.0	2962.9638447761536
27	27075.914	25395.385	50676.633	-8168.9097	312.0	4449.3057	5521.5146	15878.506	-7471.326	28000	-1.1920929e-09	206456700.0	-0.017686829	-26741536.0	0.005289055	0.0	3067.6447699069977
28	35903.23	6387.9307	42291.16	29515.299	398.5	3648.696	4079.588	13021.147	-3810.4807	29000	1.0490417e-08	138069180.0	-0.011295606	-19101488.0	0.0021887384	0.0	3172.7442603111267
29	9686.796	17703.99	33814.87	-8167.23	222.33333	6134.428	2151.839	11628.616	2498.2327	30000	-2.0503998e-08	104439610.0	-0.016835183	-24045136.0	0.0039429576	0.0	3283.8250827789307
30	14541.44	22884.928	40736.754	-8481.009	199.5	2618.349	2999.6284	8425.988	-5542.426	31000	1.0251999e-08	135879470.0	-0.01277955	-19368664.0	0.0039882483	0.0	3395.458954334259
31	35584.35	19953.553	49160.598	1158.2195	237.5	5793.901	2079.826	10748.176	2453.6948	32000	1.7881393e-09	133149930.0	-0.014503172	-43726510.0	0.0046311044	0.0	3501.2561552524567
32	13019.989	32332.836	54224.125	-16780.4	173.8	10979.46	4180.4414	26442.363	4407.788	33000	-7.152557e-09	246261620.0	-0.013141505	-104976450.0	0.005580835	0.0	3602.039515018463
33	53433.184	2388.8672	57416.53	51227.387	208.0	6250.957	3987.8628	15634.274	-10994.333	34000	4.053116e-09	248556480.0	-0.016810913	-148745970.0	0.0042482587	0.0	3714.113894701004
34	15211.464	29606.688	54180.863	-10281.542	146.0	18329.752	4858.9087	32453.35	9931.514	35000	3.3378602e-09	264714820.0	-0.013524216	-140211200.0	0.004461569	0.0	3835.264113664627
35	42814.094	7892.6025	48849.6	31664.967	296.66666	5159.141	6876.7065	17991.93	-9110.1	36000	-4.053116e-09	153988590.0	-0.009832644	-27111456.0	0.004835352	0.0	3946.109457731247
36	8825.955	22482.555	52859.13	-7774.68	182.4	12047.082	4636.379	23586.91	1435.2441	37000	-4.053116e-08	194311740.0	-0.024838418	-96910590.0	0.006782388	0.0	4053.0306255817413
37	43502.676	21802.693	56548.496	-0.89548373	164.0	5325.07	1969.3403	11272.127	-16207.315	38000	1.8835069e-08	285384200.0	-0.017049773	-121454110.0	0.005642161	0.0	4168.973384618759
38	53620.08	461.84943	54221.258	53098.367	282.33334	11837.904	5405.269	23424.54	-2395.1243	39000	-1.2397766e-08	85748350.0	-0.018667102	-6506872.0	0.0050049867	0.0	4271.010254144669
39	27679.03	26856.432	56708.934	-723.7885	201.25	15931.327	4011.6128	27392.816	720.0798	40000	3.695488e-08	231816430.0	-0.01698922	-92144340.0	0.0054948465	0.0	4372.525113105774
40	42124.824	24798.963	57891.8	-6955.773	168.4	7273.174	8104.1084	16229.937	-21096.77	41000	-1.6212464e-08	249535790.0	-0.017473837	-139447330.0	0.004542482	0.0	4489.052282333374
41	45337.61	23152.906	59843.508	-6175.503	149.16667	17396.053	2880.5586	26425.371	10131.029	42000	-4.529953e-09	115562900.0	-0.01397582	-16787224.0	0.0038404607	0.0	4619.753435611725
42	26015.162	27238.121	55200.594	-7525.7915	140.33333	21372.475	3899.9326	32406.775	11967.62	43000	2.7894973e-08	231005500.0	-0.017688598	-70393100.0	0.0047194827	0.0	4735.891674280167
43	33961.12	23068.51	54255.434	2772.7014	175.0	13502.413	2770.122	21705.74	7212.6597	44000	-1.1444092e-08	146958320.0	-0.0172968	-2777712.0	0.004060484	0.0	4841.410294294357
44	28026.117	28006.584	58879.645	-1879.5922	207.5	13058.684	2919.5476	21672.232	6587.2866	45000	2.3841858e-08	202199600.0	-0.014483967	-60716350.0	0.0050008507	0.0	4946.909213542938
45	18792.318	28300.842	56301.74	-7245.089	185.6	6444.696	6785.8203	13745.364	-16018.993	46000	5.3644182e-09	167719000.0	-0.010239062	-10393888.0	0.003031141	0.0	5052.685479402542
46	42592.004	22821.725	55933.215	-2846.0833	190.6	7330.287	3926.97	12816.046	-7532.5503	47000	2.1457671e-09	215824430.0	-0.021112502	-58298064.0	0.004844617	0.0	5154.380341529846
47	11449.871	25858.879	55360.96	-11505.911	219.75	12883.709	4677.4136	19238.393	1031.345	48000	2.014637e-08	212746860.0	-0.019411582	-117366584.0	0.0055832756	0.0	5261.3574006557465
48	31231.385	24649.46	55941.676	882.01276	195.8	4702.953	7768.5483	10249.206	-20232.896	49000	-2.2649764e-09	241833340.0	-0.02318211	-84809900.0	0.009131703	0.0	5368.37061047554
49	52286.43	1829.0013	54495.98	49418.246	207.25	11807.463	1951.2136	15452.361	5395.3784	50000	1.2159347e-08	107666060.0	-0.015053319	-38059064.0	0.0053161536	0.0	5469.373136281967
50	39199.555	22294.463	54249.04	655.4284	209.75	16415.086	2689.4426	22382.043	8781.791	51000	1.8954276e-08	136690500.0	-0.014447613	-21025040.0	0.005842126	0.0	5580.823369503021
51	50839.74	6218.922	55093.793	40091.895	195.5	12912.556	2446.459	17680.95	6694.058	52000	-2.3841857e-09	130596710.0	-0.017398234	-35076570.0	0.0053256988	0.0	5681.715023517609
52	55119.48	2186.234	59388.1	53413.895	179.8	17348.955	4524.872	25082.436	-2170.1484	53000	1.9073487e-09	86619096.0	-0.015276202	-27371364.0	0.003583839	0.0	5803.7973573207855
53	48048.88	8541.498	57216.55	38221.266	243.0	20340.867	4727.374	30682.598	9369.432	54000	-1.3589859e-08	108022630.0	-0.010691278	-37171200.0	0.0046285014	0.0	5925.545734643936
54	38696.176	6064.8164	43419.332	30134.45	284.66666	13433.302	8070.962	27795.873	-1092.9619	55000	-1.7166137e-08	104990450.0	-0.00910824	-8353456.0	0.0032078323	0.0	6037.645067691803
55	51867.805	4281.451	57060.082	43992.094	197.0	15867.377	5050.5957	23233.197	-872.82275	56000	1.7166137e-08	73534104.0	-0.020806005	-16780788.0	0.0041470774	0.0	6164.392022848129
56	41904.824	22293.229	54876.664	-7297.9414	159.5	19520.523	5630.7896	28842.238	-47.174183	57000	1.1444092e-08	73278800.0	-0.014281442	-3933840.0	0.0043441816	0.0	6277.5407156944275
57	55787.258	6884.7705	63859.152	43461.434	183.2	18810.443	5147.1836	29691.414	3687.9558	58000	3.4570693e-09	80863220.0	-0.01874633	-13755800.0	0.0057704514	0.0	6378.056725263596
58	45195.92	21595.855	58652.137	-2903.0515	163.5	22225.918	5298.88	30799.785	2506.3645	59000	1.9550324e-08	86041144.0	-0.018915186	-17448240.0	0.006940339	0.0	6479.397495746613
59	26944.219	38181.016	60895.633	-25816.24	195.2	11697.96	13200.094	29289.424	-10509.066	60000	8.106232e-09	109992376.0	-0.020366762	-17408448.0	0.0058466387	0.0	6585.8887984752655
60	34657.316	25756.674	60704.125	3377.342	178.0	15499.279	9977.247	26663.625	-18472.787	61000	-1.1444092e-08	220200670.0	-0.01810107	-52534750.0	0.0024698058	0.0	6687.361130237579
61	55562.5	2452.7393	59977.68	53319.367	159.0	14407.703	4095.3052	24760.52	5514.0166	62000	3.4570693e-08	116103416.0	-0.019577177	-56473310.0	0.0059278468	0.0	6799.565088748932
62	19189.127	37189.57	57954.453	-23041.213	201.5	10512.312	12049.802	31034.438	-6436.686	63000	-2.7537347e-08	156445740.0	-0.01504889	-63042864.0	0.0046876282	0.0	6910.552173614502
63	45756.137	22344.445	60268.28	-3939.163	159.16667	15447.734	6036.3813	24676.691	-14314.632	64000	7.629395e-09	96376136.0	-0.011631319	-27047040.0	0.0039727096	0.0	7027.414609670639
64	16806.232	27298.01	55171.516	-7170.661	152.16667	12032.998	14386.905	29340.547	-17871.299	65000	2.2172928e-08	187025620.0	-0.014560293	-69646170.0	0.0058498606	0.0	7137.248774051666
65	22184.617	28266.03	57376.273	-7143.0527	175.2	9189.874	8087.225	21476.072	-18750.34	66000	-8.106232e-09	158106060.0	-0.018001404	-5666064.0	0.004996849	0.0	7255.692268371582
66	41548.69	26200.102	59166.465	-3731.867	209.25	9390.83	5560.9287	22334.223	-12205.963	67000	-1.3113022e-08	96643736.0	-0.014032925	-36269440.0	0.0048291837	0.0	7385.360612154007
67	28741.236	27776.63	57576.59	-1915.9552	158.0	14368.061	6944.0024	26585.277	-12371.175	68000	1.1205673e-08	187890430.0	-0.013293607	-9716368.0	0.007197861	0.0	7506.1132390499115
68	46689.05	24016.074	62937.15	-6627.4214	163.33333	12358.094	7849.418	24345.5	-15255.942	69000	-2.026558e-08	133359620.0	-0.022199115	-61098750.0	0.007142602	0.0	7622.626212596893
69	55929.47	1379.1987	58185.992	54332.285	158.16667	22200.016	3490.069	30062.727	15825.423	70000	1.7881393e-09	35686492.0	-0.023785826	-9522120.0	0.0056185247	0.0	7753.759127378464
70	25109.18	29808.014	55923.832	-6595.7603	109.125	23058.232	5574.31	33262.99	-8963.867	71000	-6.6757204e-09	167816580.0	-0.015690776	-46163490.0	0.0068586245	0.0	7885.706204414368
71	54864.46	573.2235	55492.695	53830.5	175.0	18735.795	4196.7075	30614.424	10662.888	72000	1.3828277e-08	40010908.0	-0.008537034	-12243308.0	0.0027386178	0.0	7985.996658086777
72	46365.965	19860.621	57541.402	2087.7756	161.33333	21566.668	7013.5215	36619.844	-17842.082	73000	-5.4836273e-09	118559070.0	-0.009594601	-29772024.0	0.0038486365	0.0	8102.939553260803
73	54872.184	1234.3024	56251.055	52896.336	161.0	20057.361	5103.0073	35916.355	11571.727	74000	-5.2452087e-09	34119190.0	-0.015480542	-17536452.0	0.0048860195	0.0	8204.667705059052
74	39650.992	24591.645	58745.92	166.9049	139.85715	23806.516	5176.7314	38248.84	14902.004	75000	-2.8371812e-08	138549890.0	-0.01052148	-65370456.0	0.0043640863	0.0	8312.07741355896
75	47664.863	20853.088	61051.03	1336.3688	150.0	20157.076	6406.8496	31754.754	-11874.2295	76000	1.4305115e-09	53635644.0	-0.01314047	-5274892.0	0.0044095265	0.0	8418.54905295372
76	46015.145	19509.488	56841.133	2479.5781	151.5	22830.814	4314.937	36538.637	15722.777	77000	4.768372e-10	102517360.0	-0.01516911	-7862192.0	0.004028451	0.0	8534.217099189758
77	56460.656	1771.9109	58628.19	54350.168	168.2	20546.578	7450.477	36392.004	-16109.887	78000	1.1920929e-08	48892936.0	-0.015702222	-29608562.0	0.0053345403	0.0	8635.723288536072
78	47299.99	20568.186	60283.73	1510.0634	155.33333	22951.984	5144.226	39212.44	11308.151	79000	2.8371812e-08	99015960.0	-0.011102548	-38291268.0	0.0039063427	0.0	8752.516270160675
79	56036.527	2009.2128	58477.87	52727.203	159.83333	22393.371	4444.3286	33777.934	14553.402	80000	-1.3113022e-08	25984452.0	-0.015595901	-7089948.0	0.008412567	0.0	8854.431674718857
80	46784.39	19810.766	56389.03	2493.5562	148.0	24323.393	4873.282	38581.293	16652.299	81000	1.66893e-08	69349240.0	-0.007566301	-7230080.0	0.004327264	0.0	8961.88821387291
81	56677.996	1418.3429	59582.266	55425.48	155.5	22419.36	5129.877	37491.574	12813.442	82000	1.45435335e-08	24552666.0	-0.008045919	-6745030.0	0.004203982	0.0	9073.815326452255
82	46342.9	21732.629	55652.24	-6880.306	138.71428	24697.195	5221.9014	40454.938	-1921.2587	83000	1.45435335e-08	42454508.0	-0.010229253	-3772344.0	0.006198717	1.0	9185.218665122986
83	39063.152	26188.637	61848.414	1188.4452	147.16667	22702.562	4924.685	39205.562	12940.151	84000	-1.6689301e-09	176903840.0	-0.010313556	-20395152.0	0.003298557	0.0	9308.664187431335
84	58114.848	2316.1267	61011.47	55054.84	156.0	19660.371	5304.965	37216.227	10802.623	85000	7.987023e-09	54343452.0	-0.006752906	-37581710.0	0.002289978	0.0	9410.143730640411
85	46237.973	23657.08	59616.35	-6554.404	142.5	24757.223	4989.128	43143.113	12881.747	86000	-9.059906e-09	50084076.0	-0.014158581	-6738296.0	0.006835646	0.0	9511.667431116104
86	56214.72	1336.7542	58566.31	54699.016	160.0	23526.592	5200.5806	41647.652	12652.39	87000	2.861023e-09	20515942.0	-0.0051109074	-3757946.0	0.0040051755	0.0	9629.368164777756
87	31268.61	25065.598	58444.67	2924.512	155.0	24768.305	5449.8115	43710.42	14535.825	88000	4.2915342e-09	307501470.0	-0.017514596	-139980910.0	0.004698842	0.0	9738.86187696457
88	48548.297	20347.094	61942.473	3290.8599	145.83333	13745.06	4222.6895	29370.178	5815.594	89000	-2.6226044e-09	151366290.0	-0.010142638	-65914230.0	0.0041229767	0.0	9845.58865070343
89	56456.734	1911.6558	59272.035	54129.406	166.16667	20983.904	5267.418	39759.055	11445.494	90000	2.193451e-08	29966764.0	-0.0132827675	-12767524.0	0.0046284827	0.0	9957.042870044708
90	55943.16	1774.6771	59203.926	53647.164	164.16667	24547.688	5827.5767	44240.52	13444.864	91000	1.2397766e-08	19383968.0	-0.01090321	-2008432.0	0.004463624	0.0	10069.005913972855
91	38856.96	24997.775	58681.95	2434.1108	150.0	23322.672	5329.518	39581.2	-2177.6726	92000	9.536743e-09	179026430.0	-0.011248611	-36980624.0	0.005495298	0.0	10184.724677562714
92	57038.977	1842.1136	58878.75	54272.984	183.0	17851.732	5019.241	38216.75	8301.406	93000	2.2649765e-08	62623376.0	-0.009993909	-23101380.0	0.0030312757	0.0	10285.916917800903
93	56364.81	1218.9796	58508.844	54413.19	152.66667	23097.713	6329.3657	42450.74	13346.67	94000	-1.859665e-08	18275416.0	-0.013778444	-5705179.0	0.005985273	0.0	10398.31127500534
94	41746.844	24716.201	58495.92	2361.7705	136.0	24282.775	7530.617	43898.84	-1366.0024	95000	1.525879e-08	87798450.0	-0.018940616	-17619368.0	0.007862797	0.0	10505.598532915115
95	49620.83	20564.3	62537.43	3818.0352	157.83333	21541.99	4846.5317	39499.684	14325.222	96000	4.529953e-09	109462270.0	-0.014322165	-8501832.0	0.004909258	0.0	10611.157425880432
96	56192.465	1116.549	57938.44	54705.08	156.66667	22148.283	5784.512	37634.145	11612.707	97000	-5.722046e-09	23817072.0	-0.011953376	-8966805.0	0.0045712553	0.0	10723.527601480484
97	48272.89	19997.324	58750.855	3609.8706	155.0	24676.244	5519.898	40821.28	14718.995	98000	-1.2874604e-08	101983700.0	-0.010551442	-13748168.0	0.006421681	0.0	10845.141819238663
98	49055.34	21749.318	60599.402	495.0678	161.33333	19410.82	9286.792	36090.34	-19484.64	99000	1.4781952e-08	76382240.0	-0.011533603	-10832668.0	0.002519414	0.0	10960.620177984238
99	57607.043	2164.659	60861.246	53678.42	162.66667	23456.297	6522.415	41333.465	12747.167	100000	3.3378602e-09	22470828.0	-0.021885945	-4440316.0	0.0037720562	0.0	11067.889544248581
