Epoch	AverageEpRet	StdEpRet	MaxEpRet	MinEpRet	EpLen	AverageVVals	StdVVals	MaxVVals	MinVVals	TotalEnvInteracts	LossPi	LossV	DeltaLossPi	DeltaLossV	Entropy	KL	ClipFrac	StopIter	Time
0	-11739.367	1274.8241	-8514.385	-13837.899	59.5625	-0.022304572	0.122922346	0.26737082	-0.2942299	1000	1.3446808e-07	64020470.0	-0.006516977	-52550190.0	1.0747215	0.013315796	0.152	2.0	118.6660737991333
1	-11549.85	2007.3148	-8228.106	-15906.046	66.46667	-6881.7354	2065.6296	-2073.3687	-11289.712	2000	-3.8146974e-09	10054929.0	-0.0059717577	-6168237.0	1.0780339	0.024110787	0.34	3.0	226.50479578971863
2	-13346.657	3093.7544	-9142.516	-21336.916	70.36364	-7327.265	1284.9899	-1930.7014	-10387.172	3000	-1.9073487e-09	6186135.0	-0.0035725422	-2428165.0	1.0899363	0.017646436	0.366	4.0	352.67465257644653
3	-12720.693	1697.9323	-10744.36	-17596.256	64.666664	-7853.615	1116.2507	-3685.1724	-10094.441	4000	8.106232e-09	1459894.0	-0.013933644	-174612.0	1.0670735	0.020049842	0.238	5.0	462.6581943035126
4	-12586.034	2234.4055	-8106.1177	-15247.573	111.125	-8030.216	1618.5889	-1960.4464	-12606.176	5000	7.367134e-08	14530443.0	-0.011127537	-4276499.0	1.0228035	0.020473823	0.312	8.0	568.3915579319
5	-2897.9038	18539.508	44972.13	-16888.717	121.625	-5474.01	2004.2471	-1752.8695	-12081.58	6000	-1.8119811e-08	134662200.0	-0.02344402	-24021432.0	0.9836587	0.015377306	0.15	55.0	690.5312576293945
6	-12743.35	5713.4595	-5516.624	-21370.965	122.71429	-1122.0277	878.5121	-227.00558	-4287.1074	7000	3.242493e-08	35103956.0	-0.011936373	-19318134.0	1.0260969	0.016900657	0.209	12.0	819.9607677459717
7	-3078.857	21708.924	47942.977	-22023.047	140.28572	-5106.083	2014.2712	-1916.6282	-12775.539	8000	-6.389618e-08	155044400.0	-0.009239121	-25720800.0	0.98039806	0.019679314	0.245	6.0	937.0548527240753
8	13036.519	28025.867	52980.68	-11394.636	161.0	-1204.2373	1359.3754	48.567657	-8025.342	9000	-2.7418137e-08	237734340.0	-0.02629457	-65419010.0	0.9030005	0.009619587	0.153	79.0	1048.9450991153717
9	3345.124	19747.834	54395.715	-8401.1875	123.875	6579.142	2469.3718	13401.092	-2894.9187	10000	1.6093255e-08	143933460.0	-0.008760068	-27729392.0	0.89288974	0.017320935	0.153	6.0	1155.4205441474915
10	23689.61	27013.967	52185.637	-5697.1396	245.25	2178.7527	2163.1943	5508.09	-9725.752	11000	6.943941e-09	186327650.0	-0.008543427	-34004544.0	0.88818204	0.015102921	0.15	5.0	1265.138253211975
11	28191.059	30170.2	58603.324	-8884.734	168.6	6776.144	3207.9856	14438.53	-2612.6033	12000	-5.722046e-09	212232020.0	-0.034186665	-74675060.0	0.8140876	0.01545278	0.174	54.0	1371.9990422725677
12	17643.842	30837.117	59938.387	-8880.364	122.0	12875.303	2331.0242	19793.734	7633.1904	13000	-4.7683715e-09	199585700.0	-0.011612279	-30300832.0	0.7360524	0.018806664	0.094	11.0	1472.4392988681793
13	19074.441	29619.568	54801.547	-8179.646	140.57143	12411.534	4285.405	23842.486	-2688.6377	14000	2.503395e-08	147835490.0	-0.009383047	-36287864.0	0.8044397	0.021333989	0.139	7.0	1579.010995388031
14	16156.365	29650.137	55291.594	-10480.035	183.0	11070.845	7380.115	34255.473	-7656.705	15000	-5.3644182e-09	132156750.0	-0.007130162	-48175304.0	0.8571675	0.020467062	0.117	3.0	1684.0063979625702
15	4806.477	27166.992	59221.562	-12605.66	95.0	9184.188	6527.9985	33188.39	-5561.7583	16000	3.0755995e-08	175833760.0	-0.0048326957	-59330624.0	0.818047	0.013620443	0.096	3.0	1788.955978155136
16	11665.255	27744.367	51735.727	-12133.248	148.5	8334.573	7758.51	32877.832	-13098.947	17000	-3.4809112e-08	128790540.0	-0.0044171195	-31958968.0	0.83973277	0.0139631	0.153	4.0	1899.6736125946045
17	20733.684	26712.906	53900.94	-2039.4716	179.8	9522.372	6992.343	37896.938	-22989.863	18000	4.673004e-08	153565980.0	-0.011396258	-63583290.0	0.8233583	0.015820077	0.096	10.0	2009.2061204910278
18	32914.52	28114.01	62475.47	-2201.513	192.2	11461.969	8387.837	36025.766	-10286.809	19000	1.2159347e-08	156890660.0	-0.030312616	-30102072.0	0.797712	0.011732365	0.172	79.0	2115.6472747325897
19	33891.07	29282.26	58082.2	-7815.075	151.5	12196.742	7990.8755	34532.117	-17532.17	20000	-3.5762786e-09	116530180.0	-0.011777144	-50140424.0	0.727895	0.022154894	0.174	10.0	2225.2322039604187
20	5364.1807	21613.15	50559.375	-8099.11	120.375	15343.931	8705.533	41525.355	-8115.826	21000	-4.4584276e-08	233354540.0	-0.009247007	-121628530.0	0.7853581	0.020807102	0.123	4.0	2342.929472923279
21	11460.708	27662.568	53321.727	-9293.209	97.77778	7535.5576	8499.059	33729.695	-8752.617	22000	1.3232231e-08	145930720.0	-0.023093244	-37800890.0	0.74500465	0.00705297	0.14	79.0	2455.7940509319305
22	28670.668	30553.732	58356.816	-7454.2856	118.42857	12694.35	6924.706	37524.44	-6760.9844	23000	3.516674e-08	109068820.0	-0.019715482	-39270056.0	0.7322284	0.01612308	0.099	47.0	2587.0769221782684
23	31898.043	29929.785	60362.895	-7679.2246	123.75	17349.965	6660.118	39970.207	-4629.6904	24000	3.194809e-08	93828030.0	-0.022781145	-18950616.0	0.6745359	0.015103375	0.143	55.0	2695.3251457214355
24	55066.95	2069.9673	58613.46	52584.66	192.2	23071.611	9407.56	51429.613	8817.532	25000	-8.34465e-09	30334022.0	-0.018276706	-17777836.0	0.6985199	0.015020841	0.112	20.0	2805.2889733314514
25	29626.781	32886.94	63041.395	-9124.774	131.85715	20331.19	6907.9526	43526.305	1596.3413	26000	6.6757204e-09	130964330.0	-0.026351666	-51498930.0	0.62735134	0.0046239933	0.122	79.0	2907.8938863277435
26	17676.582	32357.965	64393.96	-8982.389	109.5	14770.26	11030.105	44611.06	-7822.0205	27000	-1.26361845e-08	143158980.0	-0.0055376366	-54792230.0	0.57977146	0.009495335	0.114	3.0	3019.283654689789
27	38186.074	29510.64	65273.816	-6456.6426	145.33333	17292.383	9970.125	44385.215	-4698.1187	28000	2.861023e-09	157554000.0	-0.005856054	-62361280.0	0.49716255	0.011906437	0.111	3.0	3130.5257358551025
28	31114.791	29654.723	58281.55	-7094.7803	131.71428	18498.912	7545.6724	45053.594	2798.9329	29000	1.0550022e-08	111829176.0	-0.022036815	-28817816.0	0.5687486	0.018336674	0.164	60.0	3254.4185059070587
29	58452.8	5109.261	69528.766	54793.312	162.66667	18659.045	8411.747	41556.793	5807.5547	30000	9.894371e-09	77630750.0	-0.012668595	-65049100.0	0.52726597	0.018412175	0.108	13.0	3366.09454536438
30	41409.574	27681.37	65183.645	-6443.554	134.85715	25345.172	6576.3667	45110.24	12772.874	31000	-1.4066696e-08	90602504.0	-0.022061544	-24873512.0	0.55520976	0.0024371014	0.093	79.0	3485.670735359192
31	54831.363	5454.734	62067.67	45477.82	175.8	21216.852	8262.691	43032.816	5969.3013	32000	-1.3828277e-08	37658230.0	-0.029821953	-14487468.0	0.53436536	0.004233773	0.112	79.0	3600.007112979889
32	33201.55	31215.133	60447.87	-7068.01	120.125	22499.426	7278.5063	42596.457	6385.9336	33000	-1.1086464e-08	103511310.0	-0.012280716	-24175480.0	0.50159097	0.016900286	0.093	12.0	3711.582956314087
33	59198.85	4072.2922	65601.766	53688.64	175.6	21896.56	7354.644	41309.414	4899.711	34000	-1.4305114e-08	35058172.0	-0.0100610675	-16164910.0	0.5985649	0.01659195	0.126	10.0	3817.875466823578
34	21175.309	30851.432	67402.99	-7621.807	121.25	23101.836	6821.779	41504.42	2953.4644	35000	1.1920929e-09	359165470.0	-0.034955725	-167528110.0	0.53659487	0.012565554	0.147	79.0	3936.9096069335938
35	30531.998	29390.434	57562.594	-8341.004	139.28572	13018.056	7871.27	33264.938	-15657.614	36000	9.417534e-09	178657100.0	-0.026878111	-37902290.0	0.54441893	0.015525325	0.122	64.0	4058.387366771698
36	17530.957	29897.818	61593.97	-8807.4	120.875	13841.728	5896.958	31212.156	152.4451	37000	1.0967255e-08	168019100.0	-0.018023599	-27548192.0	0.62916213	0.017039942	0.174	19.0	4174.580895662308
37	18220.416	32592.977	59842.812	-10467.942	123.71429	12270.54	8347.214	35141.99	-6491.624	38000	3.6239623e-08	127187500.0	-0.0124644395	-39339510.0	0.6946161	0.01629621	0.153	11.0	4280.493339776993
38	39923.906	26657.88	61137.594	-7658.444	198.8	15003.127	11952.532	46318.613	-10844.036	39000	-4.2915342e-09	109202980.0	-0.00013263368	-30244936.0	0.5262408	0.0404236	0.308	2.0	4398.087171316147
39	3169.9692	22620.076	62560.434	-9186.647	120.875	10130.79	8563.048	35139.55	-10775.171	40000	-2.026558e-08	155470530.0	-0.007652447	-103328490.0	0.5623135	0.02076441	0.169	3.0	4535.258864879608
40	26194.912	34027.84	61207.93	-8005.6396	166.16667	7839.438	12506.38	47186.613	-9770.525	41000	2.5749207e-08	85544590.0	-0.0039360076	-33987680.0	0.6046457	0.0145811215	0.089	3.0	4677.808002710342
41	62071.332	4104.4546	68329.15	58233.973	249.5	16878.389	11244.761	49582.8	-9380.934	42000	2.861023e-09	61371532.0	-0.0035478878	-48013520.0	0.542221	0.012313325	0.089	6.0	4833.754021883011
42	63136.5	4877.626	71200.4	59247.496	234.25	19733.895	7436.298	44720.332	2563.9487	43000	3.5762786e-09	25593500.0	-0.024398778	-7054874.0	0.52811086	0.01559703	0.122	54.0	4991.295560836792
43	40583.89	28761.713	58198.53	-9218.201	218.5	16990.152	11888.82	44082.934	-10789.231	44000	1.9073487e-09	50197816.0	-0.015638568	-16830440.0	0.5869697	0.018619167	0.173	9.0	5133.885380268097
44	27136.82	32230.102	63355.71	-6802.597	112.375	17390.58	8954.747	45475.008	-11756.16	45000	1.7642975e-08	102873700.0	-0.015666068	-28353832.0	0.53432256	0.020943467	0.133	12.0	5247.580303668976
45	37688.547	25232.646	56794.02	960.9329	162.5	19088.863	9290.015	44203.1	-14371.673	46000	9.298325e-09	127283720.0	-0.008100035	-41294656.0	0.5575436	0.011780033	0.117	3.0	5363.697597503662
46	43048.293	22461.871	55662.145	-1833.6836	169.6	15723.583	11408.415	40684.336	-14908.705	47000	3.0994414e-08	68777010.0	-0.03054341	-19324820.0	0.6472994	0.0042149876	0.182	79.0	5479.939816236496
47	46261.92	21122.951	58970.727	-690.5573	164.33333	17927.61	8560.838	42131.56	-5884.2056	48000	-3.9100648e-08	54407852.0	-0.024597239	-17762824.0	0.60442847	0.007982957	0.11	79.0	5587.391277313232
48	37994.816	28005.168	57662.04	-7893.9385	142.57143	20818.176	10135.472	45523.797	-12450.064	49000	2.0980835e-08	64296430.0	-0.002709547	-7391148.0	0.588052	0.016141353	0.212	4.0	5693.619364261627
49	44435.55	22906.598	54862.62	-6783.2266	154.0	21883.148	6211.231	37935.438	5960.9785	50000	2.3841857e-09	61661960.0	-0.014119036	-20044144.0	0.5588647	0.015325148	0.132	18.0	5800.812339067459
50	29414.879	31810.414	59149.355	-9077.226	127.42857	21093.863	8559.109	51377.33	3617.6497	51000	3.8027764e-08	92758410.0	-0.019920977	-27239028.0	0.52566016	0.015458667	0.075	48.0	5928.783539533615
51	23723.107	31845.412	58216.312	-9641.59	123.625	15200.413	9841.174	45089.453	-8494.465	52000	2.861023e-09	112740680.0	-0.025411326	-25749872.0	0.59351116	0.009696028	0.171	79.0	6035.815460681915
52	45321.22	23887.307	57489.457	-8011.7163	156.0	17416.377	11918.077	54197.76	-21971.035	53000	3.4332274e-08	85717440.0	-0.02897385	-37161670.0	0.5379869	0.015180216	0.145	64.0	6153.351791858673
53	57425.504	1338.693	58988.234	55204.95	162.0	22959.988	9298.416	50454.832	4571.4146	54000	1.9073487e-09	29289598.0	-0.009750737	-15969066.0	0.47638428	0.019374814	0.132	6.0	6268.928894996643
54	46505.25	23901.385	59611.836	-6704.8545	159.66667	23984.668	7136.478	45369.707	5800.4766	55000	2.3961068e-08	65456450.0	-0.02354159	-27010884.0	0.5364859	0.0031054907	0.082	79.0	6377.012043476105
55	44970.98	23431.62	59916.844	-7195.648	160.66667	20535.281	6876.66	46092.637	4887.2896	56000	-6.2584875e-09	73122390.0	-0.007971891	-30545692.0	0.5261373	0.01597366	0.117	5.0	6481.9921753406525
56	55191.176	1085.7228	56546.973	53709.176	177.8	22529.342	8273.617	44997.555	-603.27136	57000	3.8146974e-09	35674410.0	-0.0047646505	-21764740.0	0.50736576	0.020116173	0.218	4.0	6587.716842651367
57	28389.291	29071.676	58046.1	-8117.094	141.0	20903.66	6852.2603	47823.457	10320.181	58000	-2.503395e-09	185821070.0	-0.0036494522	-50131536.0	0.49435848	0.019597638	0.264	2.0	6698.672849655151
58	56883.613	3813.967	65151.406	53963.555	155.83333	18131.38	8883.075	48396.438	-2326.8704	59000	-7.629395e-09	86895560.0	-0.015650466	-70004430.0	0.49297392	0.01793747	0.161	12.0	6815.993804931641
59	45135.344	23406.982	56998.79	-7168.905	151.66667	25636.184	7088.1895	44458.188	13090.307	60000	-3.7670137e-08	72384540.0	-0.01167053	-36755660.0	0.52711695	0.01788131	0.143	9.0	6921.869704961777
60	56117.09	1546.0599	57862.023	53532.098	155.66667	21866.74	7540.374	41346.715	3113.026	61000	-8.8214875e-09	27986146.0	-0.011819531	-16829728.0	0.40121815	0.018406404	0.158	6.0	7044.203145980835
61	46905.312	20744.914	57496.293	-3832.129	141.71428	24966.488	6334.472	40378.332	12129.683	62000	-2.2888184e-08	38684884.0	-0.029156536	-10270676.0	0.3525445	0.008973376	0.097	79.0	7157.762563705444
62	47416.434	24418.84	64329.01	-6674.6177	142.33333	23132.855	7564.574	44181.97	11878.062	63000	-1.5735626e-08	44742844.0	-0.012867389	-4572760.0	0.37560594	0.01523469	0.074	31.0	7268.87778377533
63	56645.094	2010.4406	60372.75	53502.438	160.16667	25689.977	8172.5273	44283.34	11073.769	64000	-4.2915342e-09	17071990.0	-0.010233342	-6876018.0	0.35916004	0.015378927	0.098	16.0	7387.744938611984
64	46881.16	21895.164	57567.805	-6664.1235	139.14285	25204.436	6857.258	42344.582	13003.662	65000	-5.722046e-09	37055184.0	-0.016632428	-6431540.0	0.3851062	0.015473369	0.087	59.0	7490.489016294479
65	55159.49	1064.1758	57085.613	53586.016	159.16667	22885.686	6590.9897	39828.105	12846.217	66000	-6.6757204e-09	17646858.0	-0.017019672	-6729440.0	0.42862707	0.0174171	0.105	21.0	7602.990389585495
66	55283.113	759.28546	56111.902	54270.457	162.83333	24975.934	7106.655	41850.63	10928.953	67000	-6.6757204e-09	17260080.0	-0.0073380396	-4070428.0	0.32878253	0.017674958	0.183	5.0	7711.802661418915
67	47226.105	22133.316	59076.184	-6858.171	132.85715	23588.203	5627.712	39962.406	12647.156	68000	6.6757204e-09	50642396.0	-0.0028276478	-12112740.0	0.37728027	0.017674567	0.121	4.0	7818.12596654892
68	49478.727	23188.316	66072.29	-6445.756	139.57143	24884.893	6148.0806	40196.16	9405.08	69000	2.861023e-09	41091508.0	-0.016936759	-4984804.0	0.32284245	0.010992423	0.099	79.0	7925.288005113602
69	40653.1	27025.162	61823.11	-6789.7817	138.28572	25050.713	7076.6865	42896.574	10991.643	70000	-1.1324882e-08	169831760.0	-0.021865627	-61426584.0	0.36777914	0.0053202203	0.085	79.0	8040.302161693573
70	58584.098	2877.654	62025.727	53211.324	162.66667	20014.705	9499.938	42688.74	-11745.641	71000	1.0967255e-08	102110450.0	-0.013225836	-90230050.0	0.38935167	0.014431107	0.085	6.0	8142.982388496399
71	54173.168	992.73615	54991.44	52287.004	162.6	24149.207	4812.311	37850.332	15255.114	72000	3.1232833e-08	36798056.0	-0.0068567693	-18133656.0	0.41405287	0.014203607	0.119	3.0	8252.66751408577
72	55483.72	1055.7163	57351.66	54272.44	163.0	22743.004	6432.6895	45436.1	12831.452	73000	3.0994414e-08	16570909.0	-0.006161766	-5696707.0	0.3570976	0.016095418	0.091	6.0	8362.841099500656
73	56704.875	1325.9135	59003.863	54547.14	159.83333	23987.027	6991.9053	45006.723	8385.11	74000	1.3589859e-08	12655584.0	-0.01492412	-2647294.0	0.32681426	0.015192445	0.079	53.0	8474.24227309227
74	58345.92	3925.2026	66238.336	55245.926	152.0	25556.389	6273.678	44274.098	15979.551	75000	1.0490417e-08	12823509.0	-0.023592742	-3443253.0	0.33232692	0.0111701535	0.074	79.0	8591.599881887436
75	58196.95	2765.651	62909.707	55489.863	153.83333	26222.225	6250.465	41290.953	6985.0527	76000	-1.1444092e-08	11904043.0	-0.016782597	-3171416.0	0.30544478	0.0034528428	0.061	79.0	8704.379940748215
76	57726.33	3010.924	63935.63	54818.176	150.66667	26002.879	6277.415	42080.33	15865.8545	77000	-1.1920929e-09	11037447.0	-0.016747218	-1693764.0	0.28029987	0.015117882	0.109	79.0	8812.146951675415
77	57290.418	4029.7712	62895.28	53508.617	150.66667	25609.92	5813.288	41844.227	11943.503	78000	2.7418137e-09	17177866.0	-0.008039267	-3131570.0	0.30141455	0.020543838	0.079	9.0	8928.609025001526
78	59423.504	2767.5913	62943.324	55607.168	146.83333	26342.318	6102.1294	42473.17	17162.834	79000	-3.3378602e-09	9575175.0	-0.019969402	-3214806.0	0.2925907	0.011952299	0.072	79.0	9038.074452638626
79	57039.652	2465.643	61848.008	54445.613	151.33333	26951.832	6212.8413	41307.37	11729.802	80000	1.2874604e-08	10976137.0	-0.024031557	-4488924.0	0.30591664	0.006130912	0.108	79.0	9148.677949666977
80	50018.785	23204.93	63416.133	-6626.5884	130.28572	25909.389	5800.6675	42232.188	17091.055	81000	-8.34465e-09	41902532.0	-0.014052028	-12064146.0	0.27885658	0.015787419	0.084	50.0	9256.916066169739
81	47469.88	22675.027	59362.293	-7846.0938	130.57143	25778.871	5445.3555	41973.312	13217.144	82000	8.106232e-09	36526130.0	-0.0033798981	-4524424.0	0.2872823	0.020844154	0.094	3.0	9368.82409787178
82	57149.816	3647.5554	64731.145	54386.023	157.66667	25375.713	6631.5664	45096.453	9846.078	83000	-9.298325e-09	16772180.0	-0.009215437	-6318971.0	0.26352912	0.018276302	0.061	14.0	9484.051295042038
83	48867.508	18293.139	58210.94	4117.734	129.57143	24745.77	6136.276	43046.81	12676.154	84000	-1.001358e-08	43144200.0	-0.018435027	-12342174.0	0.26141283	0.0132348	0.088	79.0	9593.470529556274
84	57150.594	1725.9873	60529.438	55702.312	145.0	26155.568	6991.2056	43305.223	-5917.88	85000	1.3351441e-08	9203339.0	-0.014876833	-4748084.5	0.29252267	0.007275315	0.081	79.0	9711.413707494736
85	47781.7	21222.66	61013.277	-3980.0552	136.0	25872.896	5780.42	41717.58	17845.31	86000	8.34465e-09	41680464.0	-0.0074294223	-10165188.0	0.2771058	0.02134148	0.071	9.0	9816.59667634964
86	50218.816	18814.828	63814.824	4676.3594	139.71428	24089.941	7424.204	42240.082	6602.561	87000	-2.4676323e-08	53199576.0	-0.014119454	-13827176.0	0.2830676	0.0064800503	0.075	79.0	9934.282029867172
87	41797.793	22908.104	57248.15	4936.2837	134.57143	22608.645	7804.805	42164.69	-11628.17	88000	-3.0994414e-08	54959090.0	-0.022235714	-9516080.0	0.26839155	0.016543519	0.089	48.0	10036.64690232277
88	47986.55	19445.438	60451.27	4738.2783	144.66667	22704.56	7763.6724	44430.113	-10877.607	89000	-5.9604646e-09	32189644.0	-0.026420612	-4527670.0	0.29685298	0.013817509	0.121	79.0	10152.035298585892
89	48815.39	19469.707	59841.066	5399.1763	142.83333	22655.691	7556.717	42386.1	-11484.689	90000	1.013279e-08	32829464.0	-0.01601167	-3388280.0	0.28791708	0.013526599	0.079	79.0	10264.1751871109
90	47677.77	17932.967	56853.992	3854.143	140.14285	22787.418	7309.0947	42683.85	-10723.077	91000	-1.859665e-08	37528280.0	-0.018553143	-9218994.0	0.31773692	0.0140316645	0.096	70.0	10372.518047094345
91	55462.902	2143.9585	59402.707	52914.88	153.33333	24563.615	7216.71	43006.453	10360.604	92000	-2.7656554e-08	12010968.0	-0.013471925	-5164062.0	0.37774763	0.016632244	0.124	9.0	10473.453689336777
92	48873.746	19814.42	62247.414	4868.1694	158.66667	25392.256	6302.487	55283.996	16145.098	93000	-3.7670137e-08	155107470.0	-0.016872922	-43417240.0	0.3123107	-0.003173654	0.056	79.0	10580.62750840187
93	56982.312	986.3538	58914.66	55864.277	151.16667	21503.916	5265.4126	41304.508	13366.177	94000	-6.198883e-09	35266630.0	-0.020849675	-28054420.0	0.24094644	0.014469577	0.096	76.0	10699.312122821808
94	55989.203	1340.431	58307.195	54041.285	151.83333	25210.568	5680.6807	40953.45	-12900.249	95000	-1.7166137e-08	8525715.0	-0.0073509817	-2870214.0	0.27380663	0.026994813	0.187	3.0	10803.341096162796
95	42497.695	23933.795	58733.605	3763.4285	123.28571	25407.246	7491.1426	46654.86	12093.719	96000	5.00679e-09	84275200.0	-0.012134723	-37716900.0	0.28609863	0.028851122	0.128	5.0	10910.563567638397
96	49024.742	24299.004	65074.844	-9994.076	126.85714	24311.86	7997.862	40291.63	-12495.006	97000	-6.6757204e-09	34950424.0	-0.008198348	-26193744.0	0.23995735	0.015127219	0.119	28.0	11022.004561662674
97	58853.355	3403.0896	66165.234	55374.113	151.66667	26977.072	5656.1973	40863.953	16294.69	98000	7.390976e-09	10971938.0	-0.011664221	-1264495.0	0.23429681	0.004522085	0.05	79.0	11125.22045636177
98	48889.582	22775.115	66355.13	-6182.883	138.28572	26959.047	6537.7183	41050.797	13072.489	99000	2.193451e-08	44811730.0	-0.019116735	-10189200.0	0.25895792	0.013465111	0.074	79.0	11253.179673910141
99	57782.496	931.18463	59652.926	56983.54	148.16667	25373.809	7428.998	43011.16	13875.12	100000	1.3113022e-08	11570534.0	-0.013649619	-6910839.5	0.24590851	0.018831104	0.069	23.0	11361.461503505707
