Epoch	AverageEpRet	StdEpRet	MaxEpRet	MinEpRet	EpLen	AverageVVals	StdVVals	MaxVVals	MinVVals	TotalEnvInteracts	LossPi	LossV	DeltaLossPi	DeltaLossV	Entropy	KL	Time
0	-11480.617	1248.278	-9552.162	-14964.379	48.2	-0.036655333	0.13016011	0.26171616	-0.29423046	1000	-0.01685194	70384910.0	-0.005955724	-6471636.0	1.0692848	0.0030450632	114.05350041389465
1	-12268.919	1777.5588	-9871.929	-16591.43	57.764706	-407.96362	104.942085	-143.66025	-718.2651	2000	-0.018670721	61869748.0	-0.0059153456	-39690870.0	1.061678	0.0041008033	220.02023124694824
2	-12483.344	1830.6954	-10025.678	-17047.248	51.68421	-3844.7024	749.41254	-2202.5906	-5738.55	3000	-0.008265665	29206614.0	-0.000895313	-24756112.0	1.04691	0.0021662666	345.58663749694824
3	-12928.385	1919.42	-10033.834	-18323.16	55.5	-8852.142	1212.4233	-6265.0215	-12694.674	4000	0.011119804	2959697.2	-0.0022158967	-935522.9	1.034409	3.9043665e-05	451.4641954898834
4	-15659.351	4174.312	-10708.876	-23942.71	87.72727	-8540.448	1367.7952	-4362.803	-13360.261	5000	-0.017423283	2381369.8	-0.00093033165	-433607.75	1.0017449	0.0008019092	551.7320718765259
5	-13444.279	4469.841	-10906.952	-28645.146	66.71429	-8154.361	1247.0099	-4591.5864	-12282.938	6000	-0.0073546413	2536450.0	-0.0015309118	-730087.9	1.0261163	0.00056065153	657.2251708507538
6	-11948.007	3102.3381	-4142.7007	-17030.191	70.92308	-8849.632	1518.093	-4126.279	-14529.033	7000	0.01613127	10747339.0	-0.0063547892	-2427224.0	1.0121999	0.0007669009	762.0964131355286
7	-13860.363	3049.7407	-10314.366	-20875.178	77.583336	-7841.3843	1206.6216	-5159.598	-12734.969	8000	0.0029053155	2925614.0	-0.006618549	-730611.75	1.0217102	0.0043023825	873.2172009944916
8	-10839.053	3528.8682	-529.2578	-16893.207	68.71429	-7219.4517	1959.7112	-849.2622	-12223.839	9000	-0.010533366	9988008.0	-0.0074707996	-1634694.0	1.0305588	0.0006610731	977.6286673545837
9	-10139.428	2948.592	-1350.1627	-16851.66	58.4375	-6366.9233	1401.5647	-1567.295	-10729.833	10000	-0.018239979	9831085.0	-0.0071876496	-802286.0	1.0233365	-0.0011024786	1092.964749097824
10	-9615.955	1379.2568	-7612.4053	-12600.095	51.473682	-6412.933	1432.9893	-2699.1895	-10044.492	11000	-0.02998239	4666654.0	-0.008661592	-1264477.0	1.0046486	-0.0005088649	1205.1282925605774
11	-9896.23	1641.552	-6800.24	-13976.0625	54.666668	-7112.497	1612.3524	-2066.4536	-10910.809	12000	-0.0437285	4337755.0	-0.005073305	-539496.25	1.0252407	0.0037560754	1311.4767355918884
12	-9062.494	2805.4946	70.216	-12626.997	62.133335	-6734.29	1843.1736	-2252.2434	-11915.167	13000	-0.060085658	9270302.0	-0.0032722093	-1180645.5	1.0026375	0.0023202386	1422.2047908306122
13	-8007.5493	3771.9937	1903.4666	-11236.218	65.21429	-6294.1465	2128.6875	-2202.5352	-14929.393	14000	-0.06452531	12803469.0	-0.0027772188	-1566908.0	0.98135775	0.0031099087	1533.3127229213715
14	-7965.1777	2247.1309	105.30705	-11274.162	53.38889	-5274.8306	1958.6819	-2152.5396	-13013.5205	15000	-0.016744519	9871628.0	0.0010255724	-1236414.0	0.92781717	0.0012630809	1650.6694779396057
15	-9324.268	1083.4807	-7303.862	-11518.442	70.71429	-5612.748	1431.8009	-3096.1194	-9784.049	16000	-0.07492036	5126791.5	-0.00084175915	-1877501.8	0.9499004	0.0033435782	1755.330316066742
16	-8592.356	799.4677	-6636.997	-9805.936	57.764706	-6627.367	1570.537	-3667.1392	-10866.93	17000	-0.06155475	3478036.8	-0.0006272197	-383343.0	0.9167803	0.003647907	1856.2865991592407
17	-8315.758	1025.4202	-5020.3896	-9666.035	48.95	-7082.309	1889.7043	-3423.6348	-11555.753	18000	-0.08644257	2538843.0	-0.003220424	-229944.0	0.86108357	0.0018655781	1962.8980264663696
18	-8586.249	990.5096	-6317.591	-10460.574	67.14286	-6928.846	1471.4114	-4405.744	-11073.523	19000	-0.1509426	2066063.4	-0.004408255	-329378.62	0.8627234	0.0020581412	2084.5271215438843
19	-7818.182	1092.4825	-4835.992	-9430.537	56.117645	-6303.934	1635.5895	-3805.7969	-11633.903	20000	-0.13298334	2968088.0	-0.0038182586	-311315.0	0.80539703	0.0014427972	2191.0893292427063
20	-7702.3413	909.49866	-5958.328	-9101.308	58.47059	-6865.9497	1643.0547	-4030.8672	-11552.038	21000	-0.14906049	2362501.0	-0.004820928	-229959.5	0.7548651	0.000271928	2303.420009613037
21	-6715.8	3206.3352	5635.1304	-8247.879	59.8125	-6635.9297	2083.2422	-2776.506	-14684.226	22000	-0.08946773	7666200.5	-0.0022525564	-842507.0	0.71510166	0.0001620785	2414.672191619873
22	-7246.624	886.7278	-6169.389	-9236.742	59.4375	-6120.661	1749.029	-3520.2234	-10733.613	23000	-0.15702008	1343637.9	-0.003289163	-284563.0	0.6824393	-0.0008496189	2521.4715752601624
23	-7060.9336	899.5552	-5529.3335	-8628.728	55.555557	-6395.43	1976.666	-3378.2676	-10979.3545	24000	-0.08559326	1920178.8	-0.0013233423	-194060.88	0.6685375	0.00011244437	2621.888780117035
24	-7040.9263	804.19135	-6206.1416	-9048.509	58.64706	-6649.9937	1830.1161	-3792.8384	-11119.22	25000	-0.17159335	889302.6	-0.004358381	-91160.94	0.6647743	0.0010890014	2733.31627368927
25	-6844.1313	1142.4913	-5484.5566	-9994.309	52.11111	-6377.893	1953.4177	-3348.7747	-11908.138	26000	-0.14474289	978047.1	-0.002889946	-81298.94	0.6087185	-0.00022620636	2849.224141597748
26	-5945.112	2855.4963	5263.1943	-8072.219	56.705883	-6115.2285	2136.3315	-3002.188	-13978.258	27000	-0.04019861	5705622.5	-0.0016150251	-234479.0	0.59078175	0.0005674259	2961.8618981838226
27	-6547.2983	767.86005	-5593.3706	-8090.633	54.88889	-5868.56	2031.2723	-2538.8848	-10213.102	28000	-0.14278302	1317652.5	-0.003338471	-279884.7	0.55802745	0.00093711435	3089.0693368911743
28	-6257.079	332.67343	-5806.8086	-7068.5815	58.1875	-6447.6426	1926.6606	-3020.1035	-10861.895	29000	-0.14161094	650413.4	-0.0014885068	-128888.78	0.54936826	0.0003489169	3196.3308007717133
29	-6270.836	320.62155	-5667.812	-6886.0713	54.444443	-6182.3164	2147.3835	-2628.9226	-10807.6	30000	-0.08484986	805534.6	-0.0018669218	-71119.06	0.50700563	0.000754527	3313.8000161647797
30	-5813.5376	2611.7434	4401.3545	-7243.094	57.0	-6142.0044	2178.1787	-3022.7322	-13344.686	31000	-0.031866726	5386704.0	-0.0010370091	-268512.5	0.5534568	0.0025598584	3421.483452796936
31	-5855.5103	676.82166	-4412.4775	-7002.2485	57.17647	-5858.9546	2106.4487	-2292.62	-10338.5205	32000	-0.13429484	1059943.0	-0.001375556	-171613.94	0.47690418	0.000117802236	3537.5976045131683
32	-6142.6714	528.23694	-5210.9893	-7570.9067	53.61111	-6055.37	2104.3562	-2702.922	-10101.948	33000	-0.11329423	383629.16	-0.002359651	-74493.56	0.47267076	0.0014573813	3645.502013683319
33	-5737.037	509.39258	-4359.5234	-6424.9805	55.333332	-6296.46	2123.083	-2754.3403	-11325.448	34000	-0.086631946	469868.47	-0.00070646405	-95572.28	0.41850927	0.00013541165	3752.35094165802
34	-5928.98	301.2847	-5376.2954	-6355.932	53.61111	-6168.467	2255.7332	-3103.8044	-10389.696	35000	-0.08756293	350260.88	-0.0031840429	-55677.97	0.41551355	0.0013447213	3860.5074560642242
35	-5647.3535	470.99347	-4850.077	-6531.0854	53.333332	-5915.3306	2111.0898	-2401.243	-10306.347	36000	-0.10192123	637836.94	-0.0010346249	-68219.5	0.35327163	-0.0003494847	3971.6057419776917
36	-5714.344	551.1957	-4749.789	-6718.864	53.833332	-6089.645	2157.477	-2427.4192	-10441.36	37000	-0.105708785	285600.56	-0.0021441802	-31302.328	0.397917	0.00086552795	4083.5711369514465
37	-5455.157	270.6449	-4982.5454	-6088.9453	54.555557	-6170.447	2208.4304	-2385.963	-10573.636	38000	-0.06874521	259099.48	-0.0008930564	-66492.58	0.31895664	-8.2565544e-05	4199.871843338013
38	-5385.5225	460.54233	-4582.6406	-6390.4062	54.27778	-5852.932	2270.0063	-2079.544	-10214.488	39000	-0.051985465	212454.23	-0.0013417751	-16835.094	0.323911	0.00020534835	4321.2521052360535
39	-5604.594	392.9399	-4874.9497	-6449.8384	52.72222	-5960.314	2305.0046	-2009.7936	-10442.166	40000	-0.059262224	181930.1	-0.0027179085	-33603.203	0.33283198	0.0010835697	4433.483634233475
40	-5403.296	473.00604	-4547.633	-6600.6543	52.210526	-6079.25	2159.9124	-2202.6409	-10642.81	41000	-0.11752759	198371.9	-0.0027628988	-24061.953	0.29037488	-1.5404343e-05	4536.818962574005
41	-5362.755	430.78873	-4435.9077	-6328.386	50.63158	-5880.608	2279.698	-1968.8702	-10568.287	42000	-0.031410653	454529.16	-0.0011652149	-52051.438	0.24303365	-0.0006387221	4638.795516729355
42	-5110.931	316.18134	-4623.812	-5635.7896	53.22222	-5996.774	2184.155	-2366.8267	-10480.238	43000	-0.030147247	174284.28	0.00011108816	-63420.617	0.25031585	-0.0003445951	4759.6383266448975
43	-5108.9004	425.20737	-4226.121	-5856.5527	52.944443	-5808.794	2274.3696	-1924.2029	-10485.945	44000	-0.040484402	154633.86	-0.0013250448	-15667.875	0.23732583	0.00028307206	4866.224191427231
44	-5287.653	349.50513	-4653.8457	-6097.577	51.210526	-5764.246	2345.05	-2281.8098	-10330.923	45000	-0.015741918	143379.7	-0.0011522714	-28855.367	0.22392908	0.00032416685	4977.749400615692
45	-5237.831	203.34094	-4905.9365	-5689.6826	52.42105	-5980.9834	2247.296	-2031.5708	-10325.896	46000	-0.07829829	104511.44	-0.0020511448	-10884.18	0.24577609	0.0011321579	5084.390989303589
46	-4479.3823	2739.4104	6631.9224	-6574.305	52.77778	-5753.662	2268.076	-1912.0668	-9804.102	47000	0.060645744	6267182.0	2.8640032e-05	-985546.5	0.2099082	0.00041366034	5190.169802904129
47	-5113.924	350.47723	-4211.68	-5764.8022	50.789474	-5399.038	2310.3215	-1346.8682	-9892.745	48000	-0.060126457	355300.8	-0.00056741387	-173672.52	0.1841131	-0.00014003807	5302.48148393631
48	-5026.15	358.68585	-4349.4507	-5871.9326	53.11111	-5892.4043	2317.0864	-1711.771	-10120.82	49000	-0.05000666	178115.28	-0.00089271367	-16414.234	0.22424082	0.0011782756	5413.127657175064
49	-5028.2114	336.81	-4403.7075	-5850.9653	52.0	-5729.25	2349.2297	-1584.2864	-10115.938	50000	-0.069738045	178491.22	-0.0014049709	-14141.594	0.19093634	0.00070960994	5514.11577963829
50	-4880.052	339.92166	-4294.5205	-5477.558	51.0	-5743.154	2279.7532	-1740.2078	-10028.752	51000	-0.07145163	132384.02	-0.0015524626	-9519.969	0.11050383	-0.0008249167	5637.426460504532
51	-4992.6704	288.02505	-4402.58	-5445.1494	51.105263	-5681.029	2314.6687	-2290.7512	-10786.306	52000	-0.040593527	145485.98	-0.000736475	-9952.891	0.13598047	0.000113118884	5746.582768440247
52	-5072.2856	491.4706	-4402.1313	-6787.2217	49.0	-5678.6973	2352.0642	-1591.8273	-10935.769	53000	-0.0022326382	577240.7	-0.00036899117	-119153.19	0.13216937	-0.00016373453	5853.787581682205
53	-4844.194	264.82108	-4508.893	-5302.8975	51.210526	-5865.569	2167.7334	-2457.044	-10043.548	54000	-0.06083841	197238.66	-0.0006745383	-78636.414	0.10081384	-0.00044642013	5970.240838766098
54	-4945.0093	335.60028	-4338.049	-5920.684	50.57895	-5633.181	2300.7915	-2163.5134	-9815.132	55000	-0.035901576	121398.41	-0.0008099079	-12984.0625	0.11756557	0.00014960342	6077.204772472382
55	-4908.75	416.71628	-4080.5308	-5987.1357	50.526318	-5714.44	2311.135	-2260.1917	-9957.688	56000	-0.04316546	125370.86	-0.00092560425	-11405.711	0.10325502	-4.178722e-05	6188.845250844955
56	-5047.4907	375.4217	-4121.155	-5985.254	50.842106	-5744.985	2320.7498	-2246.7043	-9901.324	57000	-0.05304113	113537.1	-0.0012389421	-6703.2344	0.14702493	0.0010362213	6296.105334043503
57	-4768.2017	271.02408	-4303.3003	-5196.391	51.105263	-5730.03	2290.4033	-2275.3787	-9893.057	58000	0.0065445346	101081.586	0.00018978026	-20826.781	0.06697171	-0.0004773723	6397.104081869125
58	-4873.3975	257.2354	-4301.4546	-5338.553	50.36842	-5613.5044	2361.6235	-2077.833	-9865.966	59000	-0.034582596	111144.44	-0.0008148998	-14687.32	0.07664631	-0.00013344285	6498.853814601898
59	-4964.5894	311.06982	-4479.0303	-5766.081	50.263157	-5823.712	2329.6611	-2166.4194	-9897.645	60000	-0.019110072	89970.2	-0.0006836243	-2965.625	0.102505155	0.00036206908	6615.779897212982
60	-4843.997	309.7154	-4193.1484	-5445.9062	50.42105	-5759.868	2292.8267	-2199.1548	-9832.922	61000	-0.022627948	104126.56	-0.00040906668	-6389.8906	0.07082124	-0.00010829433	6722.887276649475
61	-4822.0347	190.54271	-4401.945	-5189.151	50.31579	-5601.928	2314.8044	-1921.5192	-10679.27	62000	-0.024417149	79102.42	-0.00031658262	-8336.852	0.06991637	-3.4475506e-05	6839.411175966263
62	-4899.7354	245.67928	-4404.605	-5304.437	49.55	-5717.569	2351.7817	-1960.8529	-10156.882	63000	-0.03136022	61586.914	-0.00071826205	-1853.082	0.058353476	-0.00016648791	6956.600063085556
63	-4837.277	222.6101	-4300.058	-5233.2983	50.473682	-5756.741	2304.747	-2196.0012	-9899.324	64000	-0.03531552	59051.844	-0.00062069297	-10847.75	0.063682705	2.6959404e-05	7057.20400929451
64	-4848.1724	213.65044	-4407.835	-5299.296	50.473682	-5576.209	2346.843	-2093.3906	-10026.248	65000	-0.027401764	77866.11	-0.00047194026	-16244.895	0.07033797	0.00019209072	7164.157106399536
65	-4820.071	292.47995	-4297.5767	-5491.6587	50.842106	-5707.9307	2307.308	-2034.823	-10353.913	66000	-0.039048165	89734.79	-0.0005886741	-11011.883	0.0759086	0.00030622655	7274.630040407181
66	-4857.738	173.40033	-4619.8022	-5265.0	50.157894	-5707.596	2366.1008	-2017.1064	-10007.189	67000	-0.0007134809	60520.254	-0.00016149	-2525.414	0.060826544	0.000103927276	7379.006627321243
67	-4814.7705	293.9333	-4405.7085	-5629.5894	51.42105	-5669.217	2349.7	-2130.446	-9914.772	68000	-0.047519118	60834.336	-0.0007365048	-2671.168	0.094630055	0.00074425637	7479.695913314819
68	-4858.1997	227.39015	-4436.1523	-5407.526	49.7	-5651.5757	2397.1482	-1969.0698	-10187.671	69000	-0.026690504	72254.33	-0.00060435757	-7755.832	0.050834075	3.408687e-05	7596.03153014183
69	-4890.9736	275.81537	-3971.2236	-5336.4585	50.263157	-5726.693	2338.0032	-2092.6077	-10925.063	70000	0.038151138	103331.414	0.00021394715	-11049.008	0.09924584	0.0006027653	7702.386384487152
70	-4913.1416	319.69904	-4297.3213	-5589.6963	48.75	-5684.839	2311.8774	-2117.921	-9900.719	71000	-0.0053988453	85799.266	-0.000103607774	-3016.0156	0.025912248	-0.00017092231	7815.427041769028
71	-5341.93	190.62613	-5046.919	-5766.9414	45.045456	-5730.227	2309.1785	-2184.4421	-9919.756	72000	-0.024760824	160590.98	-0.0004702881	-118562.91	0.039667398	2.2215938e-05	7923.338370800018
72	-5482.5728	158.033	-5051.4604	-5730.9097	43.727272	-6056.96	2166.4302	-2681.3628	-10045.907	73000	-0.020198239	43930.984	-0.00036389008	-14202.5	0.038805477	4.1430943e-05	8032.02330160141
73	-5392.718	195.05527	-4941.4478	-5697.094	44.31818	-6149.417	2114.2278	-2847.2231	-10045.478	74000	0.018902859	51486.88	0.00018475018	-7335.7188	0.032924246	-3.4497403e-05	8141.002168178558
74	-5368.5293	221.19247	-4720.282	-5771.9443	44.772728	-6050.59	2155.7192	-2675.7056	-10872.517	75000	-0.029213963	58396.168	-0.00039671175	-1682.2266	0.05639125	0.00018107581	8249.55266737938
75	-5404.166	162.21822	-5052.418	-5707.6094	44.227272	-6077.255	2139.9602	-2759.3276	-10285.221	76000	-0.029005846	29480.123	-0.0003672894	-213.95312	0.030550247	-1.5521951e-05	8358.24617433548
76	-5410.9155	223.24417	-4941.1836	-5772.4517	44.227272	-6074.7417	2155.566	-2764.43	-10430.748	77000	-0.030646631	41549.383	-0.00040076487	-849.33594	0.037401866	7.490969e-05	8466.350475549698
77	-5383.249	187.16101	-4871.727	-5695.6733	44.68182	-6111.972	2122.823	-2769.4465	-10412.756	78000	-0.01486	44867.676	-0.00011454802	-4619.6562	0.053966697	0.00025074786	8575.710857868195
78	-5370.275	208.93774	-4940.461	-5875.9937	45.090908	-6056.5	2153.577	-2708.0496	-9971.83	79000	-0.058588497	35260.297	-0.0006642118	-1134.7852	0.057362586	0.0003529154	8686.15231013298
79	-5330.8687	102.252716	-5065.9204	-5522.3945	44.727272	-6026.219	2182.1277	-2675.0051	-9979.383	80000	-0.0013566866	22204.8	-6.941031e-05	-820.3926	0.019658986	-6.205754e-05	8794.82990026474
80	-5437.3027	172.79324	-5158.7637	-5803.9136	43.727272	-6086.8184	2138.1597	-2712.38	-9986.493	81000	-0.0023588266	36006.98	-7.261895e-05	-2424.7266	0.019968776	-4.9316157e-05	8904.287678480148
81	-5369.9263	187.65862	-4944.694	-5595.4365	44.136364	-6065.3	2125.5466	-2797.9504	-9965.758	82000	-0.00666779	42588.57	-7.064454e-05	-420.3086	0.008847082	-0.0001335185	9012.841510295868
82	-5429.438	168.9538	-5156.805	-5836.0415	43.909092	-6108.3364	2128.6726	-2777.2793	-9992.63	83000	-0.0051281196	29722.928	-6.667711e-05	-600.3379	0.032736152	9.14584e-05	9121.31488609314
83	-5430.6006	226.1182	-4940.5557	-5914.857	44.0	-6130.854	2113.193	-2819.561	-9959.628	84000	-0.007591264	40099.3	-7.0868526e-05	-569.0703	0.030170415	7.2839306e-05	9230.357492923737
84	-5256.9756	127.78599	-5046.8345	-5478.956	45.31818	-6080.862	2135.4822	-2763.3828	-9955.744	85000	-0.020676058	44442.207	-0.00016167946	-7947.0156	0.020513698	7.1792397e-06	9338.130925893784
85	-5440.1416	159.91394	-5262.523	-5732.889	43.590908	-6047.2827	2176.4934	-2644.7	-10004.035	86000	-0.012722113	44717.168	-0.0001654597	-11218.137	0.014573805	-4.9933547e-05	9446.974732398987
86	-5403.5	169.5465	-5050.626	-5625.484	44.045456	-6120.533	2122.8447	-2819.0898	-9973.154	87000	-0.0178425	32912.207	-0.00016557053	-1371.2441	0.020657636	1.6587308e-05	9556.506636619568
87	-5253.152	232.28131	-4732.437	-5587.383	45.090908	-6077.843	2143.3474	-2787.928	-10272.126	88000	-0.0001277156	69833.2	6.874274e-06	-9650.469	0.0027953314	-0.00012024741	9664.703660726547
88	-5337.52	137.89069	-5077.524	-5735.3447	44.409092	-5995.657	2185.6118	-2640.1777	-10298.0205	89000	-0.016695622	30516.617	-0.00016123056	-3100.7734	0.009575701	-6.412811e-05	9773.338252067566
89	-5420.4424	190.13771	-4980.3413	-5837.6343	44.272728	-6005.462	2147.1162	-2747.011	-10200.392	90000	-0.054488473	38797.293	-0.0005671531	-8900.48	0.04176874	0.0002646135	9882.597794055939
90	-5367.1387	207.7824	-5048.3438	-5749.2334	44.454544	-6135.055	2145.48	-2831.6152	-10374.5625	91000	0.0059137824	41141.8	2.252264e-05	-7031.215	0.024729121	7.014555e-05	9992.211465120316
91	-5320.17	160.33948	-4943.123	-5587.7344	44.68182	-6026.7515	2164.0457	-2733.7576	-10273.24	92000	-0.0064848126	33747.39	-5.2460935e-05	-177.13672	0.01597111	-1.6335865e-05	10104.554770708084
92	-5353.5996	175.083	-5049.606	-5628.2217	44.5	-6001.172	2153.9854	-2733.9932	-9942.654	93000	-0.02058546	38038.617	-0.00017984398	-1909.5273	0.019665886	4.2351097e-05	10214.07733464241
93	-5318.32	177.60635	-4943.74	-5622.1914	44.909092	-6102.8213	2176.5164	-2761.8755	-10412.499	94000	-0.0089049	47147.598	-7.116329e-05	-5401.2383	0.026878713	9.235168e-05	10323.07774925232
94	-5430.0864	165.1978	-5154.974	-5981.764	43.863636	-6008.516	2152.0938	-2719.634	-10213.871	95000	-0.03463592	42466.207	-0.0003202632	-11387.736	0.024679745	9.709598e-05	10431.543897628784
95	-5410.319	156.71573	-5157.888	-5731.071	43.727272	-6138.989	2125.5928	-2828.864	-10342.598	96000	-0.004706297	24926.256	-5.8134552e-05	-933.1035	0.0074347253	-4.1842985e-05	10540.010160207748
96	-5450.129	130.32654	-5158.468	-5696.6436	43.391304	-6111.265	2121.2737	-2837.2683	-9955.224	97000	-0.018221283	27438.814	-0.00013119169	-2026.7812	0.008264156	-3.8980106e-05	10648.952381134033
97	-5337.024	164.89404	-4945.935	-5624.3916	44.772728	-6143.212	2124.3865	-2886.9448	-9981.868	98000	-0.0044433344	50590.105	-3.2502227e-05	-11085.465	0.02580189	0.000102856015	10757.161341428757
98	-5259.441	197.86778	-4940.807	-5733.403	45.272728	-6064.129	2174.7605	-2746.7397	-9964.831	99000	-0.016511148	42127.867	-0.00012342632	-3521.711	0.015072062	2.40687e-05	10864.977787733078
99	-5331.1934	141.31567	-5050.3154	-5587.603	44.5	-5983.416	2179.9092	-2660.9165	-9926.859	100000	0.0027871355	29298.008	3.3332035e-06	-3233.6719	0.0077245864	-2.0910196e-05	10974.618785381317
