Epoch	AverageEpRet	StdEpRet	MaxEpRet	MinEpRet	EpLen	AverageVVals	StdVVals	MaxVVals	MinVVals	TotalEnvInteracts	LossPi	LossV	DeltaLossPi	DeltaLossV	Entropy	KL	ClipFrac	StopIter	Time
0	-12215.926	2978.3794	-9863.201	-24848.434	35.2	-0.007392457	0.118132964	0.32052976	-0.3817929	2000	3.3974647e-08	82425920.0	-0.03965718	-77628376.0	1.081184	0.024229053	0.27	79.0	237.57433557510376
1	-15955.46	5720.6553	-9862.297	-33789.15	78.72	-8502.062	2070.708	-3230.9575	-14451.285	4000	9.536743e-09	5106301.0	-0.03828963	-3196403.5	1.0345706	0.04134412	0.3175	79.0	468.1687738895416
2	-13148.963	4186.776	-9120.641	-24634.453	54.52941	-8766.734	1391.6699	-6263.097	-13753.766	6000	-3.218651e-09	3187900.2	-0.030203326	-1056563.5	1.0200659	0.054417357	0.305	79.0	668.931592464447
3	-10745.498	2395.7185	-8924.262	-21186.066	30.967213	-8539.624	1056.4342	-5781.581	-13170.752	8000	-2.861023e-09	2131028.0	-0.036708537	-810170.9	0.9253584	0.048386298	0.2595	79.0	880.9203984737396
4	-11502.708	3039.6995	-9035.607	-22193.291	53.2973	-8681.413	1436.8993	-5700.909	-13372.102	10000	-1.5497207e-08	2843122.5	-0.046447814	-1084669.9	0.8408476	0.050557245	0.235	79.0	1086.458774805069
5	-11776.349	2329.6187	-8924.728	-17872.574	56.62857	-7661.611	461.27484	-6264.3013	-9088.265	12000	3.7670137e-08	1859173.8	-0.026781581	-851321.94	0.786799	0.026673209	0.16	79.0	1284.6072998046875
6	-12378.826	2775.1492	-8889.978	-19570.436	73.38461	-8735.015	1157.831	-7174.019	-12520.536	14000	-6.341934e-08	2008817.6	-0.035683915	-687940.5	0.7216473	0.04324545	0.1485	79.0	1493.377714395523
7	-11387.907	2044.8141	-8340.707	-15891.862	69.0	-8125.044	830.1008	-6604.645	-11295.852	16000	1.9073487e-09	1536986.6	-0.035626262	-243823.62	0.75730747	0.02757946	0.174	79.0	1710.3187334537506
8	-10515.296	1164.9231	-8633.671	-13327.452	66.1	-7723.366	959.5639	-6183.6875	-10230.197	18000	4.7683715e-09	2110523.0	-0.021977203	-294401.38	0.6619159	0.036686126	0.1105	79.0	1942.357754945755
9	-12954.174	4110.3184	-8242.286	-19367.773	129.8	-7915.6533	1097.7203	-5807.0674	-10016.565	20000	-4.9233435e-08	6351658.0	-0.04966956	-2831777.0	0.5765338	0.062291794	0.167	79.0	2137.396265029907
10	-12274.138	2883.15	-9114.796	-21217.818	111.0	-6316.94	1023.53046	-4426.979	-9260.017	22000	1.3351441e-08	4025662.8	-0.035328582	-227968.25	0.6635756	0.028403286	0.138	79.0	2365.2436139583588
11	-14333.212	4471.175	-8338.938	-22107.52	152.3077	-6699.847	1000.47986	-4656.379	-8823.426	24000	-4.768372e-10	3996293.8	-0.028568663	-109047.0	0.60735977	0.022440627	0.124	79.0	2588.3080410957336
12	-12442.449	3320.1824	-8997.644	-20910.143	117.05882	-6363.344	1198.1288	-3997.5483	-9192.938	26000	-3.7014484e-08	3799512.0	-0.030449394	-228486.25	0.5961431	0.028677937	0.0865	79.0	2790.5475568771362
13	-14215.149	5353.021	-9293.28	-29965.883	132.53334	-6811.509	956.9595	-4930.86	-9065.777	28000	-1.5318394e-08	3935953.5	-0.030844718	-125549.75	0.6190985	0.026010115	0.0985	79.0	2995.417598962784
14	-12497.049	3298.0562	-8815.047	-21006.701	112.0	-6990.4546	1176.104	-4613.2173	-9582.422	30000	-1.6689301e-09	4249653.0	-0.022133742	-238573.75	0.5420448	0.013562565	0.091	79.0	3211.7881293296814
15	-15938.338	7295.601	-9218.528	-28711.482	171.63637	-6836.518	908.85803	-4837.7124	-8800.087	32000	2.861023e-09	4197383.5	-0.028990094	-314821.5	0.52270496	0.034438927	0.113	79.0	3424.923823595047
16	-16437.045	5070.446	-11606.42	-29053.094	248.125	-7203.135	1373.4307	-4084.0027	-9760.373	34000	-2.18153e-08	5086387.5	-0.01656934	-2090444.8	0.4697823	0.015602742	0.0565	79.0	3629.762750864029
17	-12432.591	5731.3896	-7820.8433	-31432.885	132.73334	-5423.991	1752.5205	-1897.9847	-8749.301	36000	2.002716e-08	4828775.5	-0.03206132	-1156798.5	0.44006506	0.048012596	0.119	79.0	3854.058795928955
18	-13729.399	2543.3665	-10051.74	-19803.355	158.41667	-6069.086	1163.0278	-3890.6643	-9293.796	38000	2.9981138e-08	3005709.2	-0.022694815	-111781.25	0.45685083	0.02633728	0.108	79.0	4060.4869899749756
19	-14497.784	4734.6265	-8971.485	-21560.314	174.36363	-6348.633	1045.6038	-4220.821	-8267.626	40000	2.1457671e-09	4802622.5	-0.030533891	-746301.0	0.4366011	0.045940895	0.1165	79.0	4273.178341627121
20	-10935.343	2009.486	-8283.074	-14922.661	123.066666	-5825.378	1558.7969	-3092.8782	-9085.679	42000	-1.5497208e-09	4174476.8	-0.037171304	-691362.75	0.41011614	0.059147112	0.1345	79.0	4476.547710418701
21	-18263.355	6833.144	-10877.007	-30171.242	186.9	-5634.377	988.624	-3605.443	-8306.464	44000	0.0	5213495.5	-0.03050932	-2391527.8	0.5664637	0.035823293	0.1075	79.0	4682.595585107803
22	-14707.424	3992.885	-10114.505	-21599.484	218.22223	-7216.7803	1139.2974	-5124.1504	-9917.268	46000	-3.159046e-08	5971911.5	-0.029955706	-2943768.2	0.4526164	0.029140089	0.149	79.0	4892.305505514145
23	-10500.378	1400.4028	-8570.061	-13621.082	104.42105	-4885.128	1350.3644	-2669.7864	-9118.164	48000	3.385544e-08	5997651.0	-0.044551175	-2173458.2	0.4209061	0.06817879	0.1865	79.0	5113.313267469406
24	-12184.279	1806.6882	-9612.149	-15102.624	117.47059	-6026.9336	652.90106	-4638.6665	-8651.088	50000	2.861023e-09	3817064.2	-0.027507797	-217711.75	0.47555023	0.020317934	0.1255	79.0	5320.14061498642
25	-15637.263	3774.1304	-10471.516	-23078.68	180.63637	-6267.459	748.9769	-4849.6587	-8591.289	52000	-3.1352045e-08	3097484.5	-0.028786255	-142880.5	0.47342193	0.019091694	0.0705	79.0	5529.779316186905
26	-12456.453	4917.474	-9397.534	-29665.424	131.5	-6320.38	959.83606	-4574.8145	-9130.601	54000	-1.4305114e-08	3792100.8	-0.022654863	-186174.75	0.44519293	0.01892324	0.0865	79.0	5752.810415267944
27	-11684.061	2043.709	-9165.234	-16685.873	137.76923	-6254.9326	930.2757	-4506.347	-8074.9033	56000	-9.298325e-09	3633080.2	-0.02327013	-371680.25	0.4536872	0.033141494	0.103	79.0	5966.9121034145355
28	-12382.044	1700.2227	-9699.821	-16614.906	163.58333	-5761.8335	891.1836	-4059.4026	-7445.85	58000	-3.6358834e-09	2969894.0	-0.029418435	-150427.25	0.4185109	0.03829052	0.1515	79.0	6165.309446811676
29	-13317.258	1924.0868	-11151.106	-17857.203	187.3	-5719.697	1075.2703	-3577.601	-8146.2305	60000	-1.6689301e-09	2533028.5	-0.030614622	-180312.5	0.391427	0.03885997	0.0975	79.0	6371.4402067661285
30	-10530.707	1080.144	-9148.358	-13337.497	115.70588	-5295.7124	1355.716	-2869.98	-7967.6626	62000	8.34465e-09	4968397.5	-0.027317196	-544202.5	0.36702442	0.034324795	0.0925	79.0	6581.243607997894
31	-12367.96	5235.9067	-8656.197	-28398.95	162.36363	-5990.518	1000.01355	-4178.7964	-9128.232	64000	-5.722046e-09	4128822.5	-0.025644315	-399675.5	0.36238453	0.037149664	0.1115	79.0	6803.497478246689
32	-11306.382	1987.2001	-8057.5347	-16284.162	154.75	-5307.76	1272.1129	-3292.541	-7650.308	66000	2.3841857e-09	4078348.8	-0.024593238	-97288.0	0.34798992	0.023045419	0.077	79.0	7017.034402370453
33	-10629.734	2466.703	-6710.5483	-17823.719	123.666664	-5184.205	1077.4673	-3458.6943	-8478.932	68000	-1.859665e-08	5024614.5	-0.026575424	-146172.5	0.34069568	0.04148197	0.0985	79.0	7235.192470788956
34	-10489.776	1533.0542	-7423.761	-12896.71	153.91667	-5589.2886	1018.16284	-3703.6892	-7863.11	70000	-5.00679e-09	3962673.5	-0.025521787	-669384.5	0.3217887	0.04689616	0.086	79.0	7448.921941757202
35	-10969.427	2436.157	-8521.293	-19012.975	149.0	-4737.059	1240.2579	-2312.096	-6961.249	72000	8.702278e-09	4888294.5	-0.028672606	-599542.0	0.3202426	0.04733068	0.1105	79.0	7668.404868364334
36	-11309.774	1298.6549	-9298.676	-13472.08	141.46153	-5660.582	1253.4413	-3361.964	-7819.845	74000	-9.477138e-09	3063703.0	-0.024401136	-59978.75	0.3719906	0.05256952	0.1085	79.0	7875.039170026779
37	-11694.346	2449.4146	-9276.337	-18803.25	104.789474	-4907.7866	1191.2875	-2780.5845	-8765.724	76000	-2.8133393e-08	7910720.5	-0.026779551	-4332118.5	0.3492754	0.047009077	0.114	79.0	8091.8801872730255
38	-11275.374	1650.3163	-9204.709	-14361.299	163.91667	-7125.866	728.14685	-5365.8794	-8346.371	78000	7.343292e-08	6198323.0	-0.02667925	-3663231.5	0.37683904	0.043014098	0.109	79.0	8306.877752304077
39	-12386.112	3018.3276	-9132.177	-20351.8	153.08333	-5305.702	1331.0927	-2957.5757	-8333.085	80000	-1.9073487e-09	3699946.5	-0.030819068	-354419.25	0.35769978	0.052525334	0.1275	79.0	8509.408190965652
40	-10923.569	1311.5419	-9337.325	-13876.907	115.588234	-5651.72	1168.3381	-3636.5657	-8053.285	82000	1.9788741e-08	3472983.0	-0.026212068	-137147.75	0.40949532	0.045223113	0.115	79.0	8714.314722537994
41	-13205.26	1936.1133	-10433.605	-17422.205	133.5	-5731.9385	879.86584	-4386.4404	-9571.384	84000	2.3245812e-09	4717943.0	-0.027244987	-730005.75	0.45114872	0.041460056	0.1105	79.0	8922.893092393875
42	-11749.129	1388.8485	-9648.259	-14216.968	149.84616	-6774.706	1106.311	-4777.0693	-8889.719	86000	-1.4662743e-08	4643945.5	-0.024905598	-1709447.2	0.4596002	0.026487533	0.0975	79.0	9125.428926706314
43	-10759.292	1458.3082	-8980.245	-15150.873	124.875	-5340.973	1147.1326	-3284.3433	-7984.2715	88000	3.4332274e-08	5231735.0	-0.02803629	-606609.5	0.42402533	0.06418652	0.145	79.0	9334.889540672302
44	-12261.975	1938.0768	-9683.274	-16351.59	148.84616	-5895.5215	831.4811	-4082.5989	-9216.978	90000	-1.0967255e-08	3671734.8	-0.025294043	-167358.0	0.48376256	0.034950413	0.1075	79.0	9545.887606620789
45	-14461.112	2708.4592	-9980.432	-19908.559	130.33333	-5444.8633	697.569	-3674.0327	-8335.76	92000	7.629395e-09	6347820.0	-0.03967811	-2741444.5	0.5142187	0.039159156	0.1475	79.0	9756.356546640396
46	-16278.328	3781.2197	-12192.927	-25985.523	170.90909	-7093.25	551.4697	-5989.607	-9934.234	94000	-1.3351441e-08	4617869.0	-0.04418794	-282643.0	0.55599654	0.049473215	0.174	79.0	9995.926466703415
47	-12595.715	2240.8523	-9613.131	-19057.406	153.0	-6732.459	662.2566	-5447.0303	-9226.348	96000	-1.1086464e-08	5259725.0	-0.029482763	-1526578.8	0.49331972	0.03378573	0.144	79.0	10193.681797266006
48	-12430.179	2108.833	-8872.198	-15462.127	153.76923	-5610.5635	759.61945	-4219.8994	-8687.198	98000	-1.1324882e-08	3895451.5	-0.027717507	-66903.0	0.46963358	0.025710054	0.1125	79.0	10386.90911579132
49	-14385.322	3741.4368	-11400.103	-24702.826	175.0	-5736.192	846.11224	-4167.381	-7450.111	100000	-2.3961068e-08	4571622.0	-0.02984671	-415615.0	0.46256456	0.038816743	0.138	79.0	10590.332756996155
50	-11061.523	1062.5399	-9172.555	-13315.368	159.16667	-5930.25	1035.5009	-3748.7043	-7462.831	102000	8.106232e-09	4704173.5	-0.023640716	-612337.5	0.35313755	0.025864134	0.088	79.0	10788.286688566208
51	-13168.169	4560.0166	-9146.807	-23637.43	142.91667	-5347.1416	1072.0109	-3165.684	-8050.0044	104000	-1.0251999e-08	4502290.0	-0.0370108	-700678.25	0.43578088	0.048643164	0.1095	79.0	10995.466247797012
52	-13812.409	4052.0608	-9611.429	-21399.715	158.16667	-5850.733	1128.071	-3806.424	-9426.266	106000	-5.4836273e-09	3230014.5	-0.038167562	-125041.75	0.4859264	0.0718569	0.1925	60.0	11208.49031829834
53	-17576.742	4990.227	-12756.658	-26364.848	219.55556	-6070.682	1036.1069	-4169.382	-9157.474	108000	-4.3511392e-08	4966590.0	-0.03291897	-663897.0	0.49392223	0.03983819	0.183	79.0	11413.497895479202
54	-14646.382	1726.4893	-11037.58	-17433.307	206.55556	-6424.351	1500.9851	-3645.988	-10599.621	110000	-9.536743e-09	4288353.0	-0.02964647	-984233.25	0.47212103	0.027533097	0.111	79.0	11614.620214223862
55	-14950.219	3254.0537	-9747.331	-18971.863	221.375	-5645.15	1183.6832	-2731.5125	-9325.21	112000	1.26361845e-08	3518068.8	-0.025353314	-103336.0	0.46976814	0.038540605	0.112	79.0	11817.119333744049
56	-16569.889	4644.724	-9504.869	-23168.004	214.55556	-5676.6187	1155.7474	-2365.9885	-8827.895	114000	5.5074693e-08	5805110.5	-0.033765335	-706234.5	0.5127844	0.045833204	0.1125	79.0	12032.739416122437
57	-19737.754	9522.6875	-10943.094	-36743.58	344.6	-5578.3193	734.38794	-3442.572	-8846.587	116000	-3.8146972e-08	4556002.5	-0.029266218	-1292181.5	0.53333205	0.033718515	0.1265	79.0	12247.984703063965
58	-16985.707	9717.562	-10680.076	-40420.816	227.0	-4486.634	555.9445	-2973.5696	-6209.259	118000	-1.9669534e-08	5926153.0	-0.036922887	-2223797.5	0.5517895	0.04197425	0.127	79.0	12445.009186506271
59	-22976.238	11647.366	-8789.963	-34768.75	489.75	-4887.5576	653.218	-3237.9817	-7162.4385	120000	9.059906e-09	2821377.5	-0.02616196	-804424.4	0.5459758	0.02227258	0.067	79.0	12651.97145485878
60	-18953.205	7785.0806	-10457.46	-33088.785	259.14285	-4277.229	816.6206	-2550.378	-7022.4688	122000	1.0490417e-08	5945367.5	-0.028400531	-1232074.5	0.5588491	0.023788149	0.1565	79.0	12855.219366073608
61	-14290.71	5915.949	-9092.158	-27382.816	231.875	-5208.799	492.15195	-4077.5056	-7386.7847	124000	-3.242493e-08	5636343.0	-0.019767398	-1129326.0	0.49436128	0.0058431574	0.049	79.0	13064.261600017548
62	-16967.125	8597.256	-9291.508	-27822.408	363.2	-4444.109	411.2675	-2815.584	-5453.109	126000	-1.0609627e-08	5258217.0	-0.024400335	-1501502.2	0.4909325	0.02304851	0.061	79.0	13272.99552488327
63	-29623.53	8109.873	-21513.656	-37733.402	683.5	-3283.711	314.57944	-2476.767	-4584.19	128000	-5.632639e-09	2747107.8	-0.012303906	-362719.25	0.47919866	0.014122338	0.028	79.0	13468.887832641602
64	-12565.771	2603.3508	-9900.933	-17148.83	281.4	-3560.1035	506.31525	-1849.6765	-5229.7764	130000	1.5497208e-09	6218938.0	-0.030203916	-2499481.2	0.43474457	0.069327906	0.217	79.0	13676.731830358505
65	-23523.29	6678.1104	-15439.555	-31794.3	572.6667	-3356.402	1356.0719	-2090.5388	-7511.4824	132000	2.3841857e-09	5427389.0	-0.043564618	-1053151.0	0.4332484	0.070856854	0.1365	74.0	13884.094712734222
66	-15665.905	2230.5146	-13435.391	-17896.42	1000.0	-2711.5586	1026.073	-1776.5403	-7463.467	134000	-3.7908553e-08	2523576.2	-0.023510186	-1528314.2	0.413954	0.026151268	0.094	79.0	14093.460303068161
67	-11190.237	1007.41406	-9498.964	-12298.728	252.0	-1993.3801	700.9467	-840.89886	-4374.972	136000	2.9802323e-09	4949725.0	-0.02658254	-2185511.2	0.3845462	0.08209814	0.1285	32.0	14299.512280225754
68	-15898.527	12518.331	-8670.235	-61212.637	100.5	-4974.154	470.48285	-3008.6746	-7631.796	138000	-1.6498565e-07	12691464.0	-0.024143744	-11920843.0	0.5713811	0.06216886	0.1285	43.0	14516.19780921936
69	-14558.154	5793.3306	-8521.414	-26554.746	110.375	-8385.197	805.58563	-5907.1494	-12022.528	140000	-2.849102e-08	3906029.2	-0.023165157	-1755833.5	0.498627	0.021122647	0.0885	79.0	14730.238266944885
70	-23846.156	17738.008	-8955.188	-60851.445	287.0	-7875.3604	673.8216	-6209.0093	-11366.64	142000	-3.0994414e-08	4738854.5	-0.04147086	-2479242.8	0.49615943	0.082067475	0.2395	62.0	14954.378159999847
71	-17683.207	9206.411	-9541.332	-36679.586	233.16667	-6297.358	696.21655	-5481.1113	-9574.715	144000	2.324581e-08	4977702.0	-0.03829505	-2071494.2	0.48635718	0.0465241	0.1545	79.0	15168.689258098602
72	-44666.867	45911.14	-11204.008	-123826.42	383.5	-6161.922	1702.9471	-3004.267	-11391.656	146000	-1.8835069e-08	16740700.0	-0.033352852	-13561491.0	0.40362653	0.05337877	0.104	7.0	15379.511386871338
73	-13593.719	3854.4277	-10009.091	-22665.176	198.44444	-4898.631	2111.2046	-3602.3765	-14166.875	148000	-2.0980835e-08	4628437.0	-0.031933714	-1613290.0	0.46699783	0.02610979	0.0675	79.0	15589.43860244751
74	-16183.752	1167.1265	-15016.626	-17350.879	1000.0	-2958.6675	359.2074	-2754.5488	-7249.1724	150000	5.25713e-08	2145463.8	-0.010558599	-1605820.5	0.43401787	0.010826646	0.011	79.0	15796.440258264542
75	-12441.154	3315.699	-9750.713	-18752.621	350.2	-1852.0446	326.64108	-1441.8517	-4219.6006	152000	5.841255e-09	4427176.0	-0.00576081	-291370.75	0.3856864	0.0055031283	0.0245	79.0	16008.689329385757
76	-10981.51	2170.0981	-8811.411	-13151.607	671.0	-2247.9941	405.31134	-2051.4043	-7787.7314	154000	1.7166137e-08	2692948.0	-0.0056289807	-776630.25	0.37471765	0.0038800002	0.0105	79.0	16208.614970207214
77	-12579.082	2048.9084	-10236.11	-15227.017	654.0	-1548.6273	580.1393	-1055.1125	-7240.9673	156000	2.2411346e-08	4521449.0	-0.007991716	-466545.0	0.34370616	0.009039015	0.041	79.0	16413.866122484207
78	-9559.679	4754.0845	-4259.7954	-15792.274	466.66666	-2457.21	1140.2743	-1578.9996	-6927.668	158000	3.576279e-08	5976879.5	-0.009840215	-1067852.0	0.35969812	0.020035526	0.0345	79.0	16616.546585559845
79	-10765.881	5154.213	-3763.4531	-18320.629	453.5	-918.0834	236.53033	-411.1143	-2388.3618	160000	-1.0609627e-08	4189380.0	-0.007816507	-427964.0	0.33755958	0.007583283	0.0305	79.0	16825.626514673233
80	-9954.752	1111.956	-7603.108	-11248.954	204.14285	-1531.4933	719.45514	-910.6156	-7737.814	162000	-1.9133092e-08	7946094.0	-0.0108002415	-321383.0	0.33857712	0.008710644	0.0145	79.0	17048.731810569763
81	-9578.122	3569.7246	-1652.168	-14500.395	202.14285	-2043.0962	1030.8435	-1287.1436	-9268.849	164000	6.437302e-09	5652395.5	-0.027986862	-835853.0	0.34519628	0.047446616	0.051	79.0	17257.35706090927
82	-26016.58	15890.541	-10633.533	-59538.207	259.33334	-4898.953	3438.9614	-0.8249628	-16348.505	166000	1.7404556e-08	6425228.5	-0.03431404	-2202889.5	0.48020247	0.02055194	0.1095	79.0	17450.706096172333
83	-12219.712	2123.8113	-10203.297	-15743.019	258.6	-2146.9705	1633.2773	-1234.4846	-10581.77	168000	4.7683715e-09	3916595.5	-0.025093187	-303096.5	0.3252149	0.10995175	0.113	17.0	17649.706661224365
84	-42470.21	26650.648	-14227.288	-83762.66	306.0	-5391.65	1756.1572	-822.46387	-14779.052	170000	3.218651e-08	24929510.0	-0.035191048	-16442910.0	0.4067571	0.043365132	0.1185	79.0	17862.665662288666
85	-26243.14	10047.963	-11130.399	-38989.344	311.0	-7892.1665	2218.318	-5135.2476	-16749.543	172000	8.940697e-09	9129013.0	-0.035445668	-4557577.0	0.49818978	0.055950895	0.2005	79.0	18091.247724294662
86	-40034.082	7137.285	-32896.797	-47171.367	1000.0	-4649.013	2222.9111	-2863.2935	-14875.878	174000	4.5776368e-08	3462730.8	-0.02676199	-1642685.2	0.4457452	0.02091505	0.0995	79.0	18290.363649368286
87	-30564.81	5648.1074	-24916.703	-36212.918	585.0	-4307.541	2476.5652	-1804.7223	-13049.353	176000	-4.7445297e-08	2883353.0	-0.019305423	-1735193.8	0.4002621	0.088525586	0.2505	12.0	18496.11806678772
