Epoch	AverageEpRet	StdEpRet	MaxEpRet	MinEpRet	EpLen	AverageVVals	StdVVals	MaxVVals	MinVVals	TotalEnvInteracts	LossPi	LossV	DeltaLossPi	DeltaLossV	Entropy	KL	ClipFrac	StopIter	Time
0	-13047.355	2722.0422	-9949.195	-22061.176	32.896553	-0.025527727	0.10765015	0.27899706	-0.39376825	1000	2.9563903e-08	145561840.0	-0.028518695	-109029660.0	1.0799204	0.03589327	0.277	79.0	147.58367037773132
1	-11410.1455	1433.8833	-9648.245	-16383.009	21.695652	-7426.161	1505.5381	-4064.706	-12579.39	2000	-3.33786e-08	15974824.0	-0.041969534	-11861117.0	1.0319412	0.024032952	0.212	79.0	287.3790566921234
2	-10859.782	887.53674	-8900.235	-13250.224	20.645834	-10236.996	1585.7435	-6276.436	-15507.991	3000	-2.002716e-08	2800411.5	-0.0365647	-526756.0	0.98380566	0.040583447	0.201	79.0	422.83094573020935
3	-10827.965	1098.8906	-9412.506	-14700.587	32.933334	-9442.995	1501.0712	-6704.9272	-14795.322	4000	-2.4080277e-08	3201508.2	-0.047160756	-937911.75	0.935921	0.037310112	0.365	79.0	551.5512254238129
4	-9718.21	849.1835	-7998.5156	-11619.002	27.971428	-9860.122	1188.5336	-7530.522	-12077.306	5000	1.3351441e-08	2502446.8	-0.019325495	-941842.6	0.8416506	0.022872457	0.096	79.0	679.0456357002258
5	-9030.483	860.57935	-7756.492	-11512.434	27.714285	-9473.777	849.9259	-7539.47	-13195.176	6000	1.7166137e-08	1540404.2	-0.041273717	-430481.38	0.6738201	0.05740657	0.192	79.0	807.8883383274078
6	-8640.581	841.4483	-7210.113	-10838.638	28.941177	-9022.398	676.19916	-7296.6685	-11567.584	7000	-7.152557e-09	1209140.2	-0.03428639	-162642.62	0.599918	0.04950927	0.136	79.0	936.3304369449615
7	-8139.9346	707.02234	-7099.7373	-10081.772	29.969696	-9196.108	694.79626	-7847.2383	-11197.363	8000	3.8146974e-09	777532.06	-0.015777882	-104663.875	0.49358594	0.029213598	0.123	79.0	1065.3571491241455
8	-8366.764	921.4581	-7138.375	-11925.849	34.57143	-8971.736	863.1467	-7275.0596	-13143.969	9000	-1.3351441e-08	802678.94	-0.030704804	-45348.188	0.46759993	0.04132914	0.138	79.0	1209.084877729416
9	-8418.198	1119.045	-6690.377	-9841.612	20.5625	-9014.722	622.97174	-7471.157	-11223.762	10000	-1.4305114e-08	826183.94	-0.026588138	-130113.125	0.2978141	0.03905	0.074	79.0	1343.972406387329
10	-8006.162	827.38995	-6683.6064	-9655.752	34.310345	-8743.612	970.9995	-7107.871	-14453.748	11000	2.6226044e-09	972676.5	-0.026262872	-136444.19	0.3900144	0.010559145	0.092	79.0	1481.3495733737946
11	-7634.527	865.4158	-5564.346	-9649.589	30.71875	-8507.109	548.011	-7218.9053	-11192.982	12000	-7.629395e-09	873174.94	-0.022337336	-174242.81	0.30628818	0.054559525	0.108	79.0	1619.8607788085938
12	-7539.2427	1071.1562	-6614.712	-12090.388	33.344826	-8601.467	885.11554	-6498.868	-11364.704	13000	-1.1920929e-09	1346957.2	-0.028663706	-61668.75	0.27901676	0.07904184	0.165	49.0	1760.4637515544891
13	-7701.9565	674.94226	-6829.1284	-9538.563	31.35484	-8735.729	966.5529	-6553.007	-11710.303	14000	4.768372e-10	603879.25	-0.02683456	-72473.75	0.29127827	0.086990185	0.094	48.0	1907.5493760108948
14	-8104.8604	685.742	-6846.5474	-9539.227	33.333332	-8509.512	753.3632	-6649.8154	-11100.052	15000	4.8160555e-08	675857.25	-0.017760176	-144472.81	0.40843594	0.01582918	0.091	79.0	2036.8023929595947
15	-7841.412	852.7325	-6683.472	-9987.405	32.333332	-8844.245	617.39886	-7151.89	-10767.881	16000	-5.722046e-09	538107.6	-0.026822653	-60204.22	0.3426018	0.10183504	0.117	27.0	2172.9934504032135
16	-8649.993	886.87646	-7343.0312	-10277.534	33.896553	-8774.869	962.5105	-6745.11	-12998.196	17000	2.3841858e-08	1054146.5	-0.013349534	-287812.44	0.54308385	0.09619437	0.334	4.0	2292.886168241501
17	-7423.092	849.833	-6506.126	-10572.446	31.387096	-8922.668	465.92865	-7963.277	-11261.48	18000	-1.1444092e-08	933524.6	-0.015008511	-470237.44	0.2749957	0.012539766	0.059	79.0	2421.584321975708
18	-7148.4766	355.2675	-6645.287	-8093.313	30.53125	-8430.044	802.28815	-6720.343	-10346.026	19000	-7.152557e-09	265522.06	-0.0063690604	-22794.0	0.20759225	0.001501474	0.018	79.0	2545.765771150589
19	-6962.471	497.31467	-6389.59	-9131.795	30.75	-8383.453	922.3422	-6342.1274	-11149.579	20000	-9.059906e-09	307348.88	-0.024290193	-21386.125	0.15914963	0.053398255	0.078	79.0	2678.8121519088745
20	-7323.61	387.2205	-6694.242	-8414.359	31.25	-8162.1685	864.0228	-6055.077	-10071.033	21000	1.692772e-08	377013.88	-0.02041926	-109847.31	0.24110867	0.040476274	0.05	79.0	2803.703402042389
21	-7191.923	516.00195	-6571.642	-9131.1455	31.0	-8541.931	862.95996	-6442.03	-10328.789	22000	1.0967255e-08	298286.4	-0.019533452	-19141.188	0.20431332	0.042263467	0.084	79.0	2932.020974636078
22	-7247.6733	645.48145	-6134.125	-9015.182	32.633335	-8392.134	846.97876	-6323.246	-10290.671	23000	8.106232e-09	366735.44	-0.035312086	-8358.1875	0.27506647	0.07925887	0.157	48.0	3069.5295011997223
23	-8383.412	1158.8638	-6798.3257	-9843.327	21.622223	-8394.27	933.2676	-6360.498	-11099.065	24000	1.1444092e-08	938935.06	-0.033832807	-257464.75	0.28040966	0.062104486	0.1	79.0	3199.4520988464355
24	-8330.279	1047.4736	-6977.1865	-10385.789	25.512821	-8598.706	569.86145	-7498.2974	-10698.696	25000	1.4305114e-08	564866.2	-0.023818405	-18211.75	0.34745172	0.01601294	0.067	79.0	3339.4030978679657
25	-7356.7173	836.6275	-6150.087	-9648.058	29.352942	-8675.351	610.6276	-7671.252	-10659.642	26000	7.152557e-09	509093.8	-0.04229312	-170018.34	0.22179413	0.08676477	0.157	35.0	3477.440927505493
26	-7984.8633	715.5868	-6916.1157	-9987.51	34.068966	-8457.111	899.37854	-6697.8125	-11977.538	27000	3.9577483e-08	595956.3	-0.022430494	-174936.34	0.37649977	0.013910479	0.123	79.0	3626.473041534424
27	-7347.9707	485.44852	-6164.683	-8491.043	33.75862	-8707.67	648.3061	-7368.6846	-11767.751	28000	1.2397766e-08	426911.6	-0.02699771	-103739.72	0.29878375	0.041536458	0.12	79.0	3754.566279888153
28	-7668.046	729.8508	-6635.928	-9987.356	31.419355	-8405.526	682.95105	-6811.162	-10190.561	29000	4.2915346e-08	494610.5	-0.019818462	-82536.59	0.2877129	0.021610154	0.09	79.0	3898.0556824207306
29	-7717.2817	707.31946	-6792.2163	-9620.159	30.5	-8695.33	749.26337	-6833.9185	-11055.42	30000	-9.059906e-09	390644.38	-0.013426016	-12111.4375	0.33192396	0.02871855	0.097	79.0	4031.345690011978
30	-7982.4854	1922.3647	-6611.8804	-17513.1	30.6875	-8651.753	699.9439	-6969.7363	-10824.639	31000	-1.7344952e-08	2601293.0	-0.021622816	-383415.5	0.298123	0.12225093	0.141	5.0	4162.971116304398
