Epoch	AverageEpRet	StdEpRet	MaxEpRet	MinEpRet	EpLen	AverageVVals	StdVVals	MaxVVals	MinVVals	TotalEnvInteracts	LossPi	LossV	DeltaLossPi	DeltaLossV	Entropy	KL	ClipFrac	StopIter	Time
0	-16099.442	4255.386	-10111.12	-28227.17	101.47369	-0.24185818	0.17636108	0.18228388	-0.62423563	2000	9.6559525e-08	75285710.0	-0.03451835	-67427740.0	1.0788008	0.033645038	0.199	79.0	199.2319655418396
1	-13030.684	2949.725	-8972.728	-19610.42	84.09091	-8078.067	2078.2075	-1238.3785	-13737.406	4000	1.1920929e-09	8892358.0	-0.030628433	-1251481.0	1.0601243	0.032295097	0.1585	79.0	400.79791498184204
2	-15523.074	5730.8555	-9888.909	-32331.639	104.947365	-6356.029	1940.3168	-1638.1318	-12248.999	6000	-1.9669533e-09	10078687.0	-0.03252665	-4460261.0	1.0074775	0.049529143	0.2145	79.0	598.2373507022858
3	-9804.171	5139.638	3316.0032	-17802.719	76.53846	-7294.0596	2251.551	-2691.6333	-16680.564	8000	5.4597855e-08	20192114.0	-0.03651211	-6293415.0	0.99282116	0.056861024	0.212	79.0	800.7759935855865
4	-7874.943	4470.5796	2934.357	-12441.918	57.85294	-5575.3984	1861.1459	-1940.8778	-17775.143	10000	-2.1338463e-08	17003256.0	-0.045010503	-1255879.0	0.900721	0.03276063	0.2315	79.0	1023.3451130390167
5	-7036.0596	5432.1587	3984.367	-15622.494	67.44827	-5357.005	2396.5786	-1910.8767	-20008.363	12000	-3.159046e-08	19001846.0	-0.027430758	-2496731.0	0.8641304	0.03167019	0.125	79.0	1231.4555883407593
6	-782.83746	5530.94	3473.268	-10419.778	66.89655	-3942.654	2603.4844	-584.1036	-12108.316	14000	7.4625014e-08	26605604.0	-0.029622579	-11168395.0	0.7654271	0.09193626	0.236	34.0	1431.2840204238892
7	-1411.0756	4963.758	3229.267	-9816.636	74.333336	-1958.4924	3220.3286	-0.36458296	-10082.121	16000	9.059906e-09	13664122.0	-0.02818044	-1125650.0	0.76974607	0.036371283	0.1365	79.0	1631.7174694538116
8	526.47015	3478.2144	3524.108	-9010.675	83.0	-2088.0254	3830.4749	284.81665	-10564.806	18000	0.0	9057252.0	-0.031894483	-2092199.5	0.73950267	0.023170687	0.1055	79.0	1842.1930646896362
9	434.85977	3182.2441	4536.0283	-11740.217	98.75	-1333.7333	4227.545	1956.3815	-10807.726	20000	5.6028364e-09	6534791.0	-0.03418709	-285732.0	0.74981	0.038938537	0.1655	79.0	2045.4890005588531
10	1023.1577	891.1795	2759.7964	-717.9876	97.55	-1876.1758	4625.3306	2457.423	-10222.228	22000	1.9073487e-09	4051652.0	-0.022327993	-779339.25	0.7536295	0.032080773	0.106	79.0	2270.7699229717255
11	759.2497	1178.161	2388.9692	-2304.9675	96.4	-1754.6735	5296.4663	3794.1182	-10880.217	24000	-8.34465e-09	3291582.2	-0.02471586	-333141.5	0.6849357	0.031719185	0.1295	79.0	2477.400734424591
12	-424.13956	2569.3787	2484.592	-8438.199	95.8	-2321.059	5262.729	3331.7769	-10893.264	26000	1.001358e-08	5169538.0	-0.02195742	-438768.5	0.6710414	0.030463057	0.1395	79.0	2689.194617986679
13	1013.0108	4097.6284	5842.5986	-9801.67	82.5	-1382.5629	4899.407	2982.0178	-10779.218	28000	-4.7683715e-09	8595456.0	-0.028532656	-636890.5	0.64351135	0.08248563	0.1215	23.0	2898.217008829117
14	309.10196	1750.946	3438.965	-3207.4907	105.0	-1193.818	4955.8833	3119.7913	-10410.012	30000	2.7418137e-09	3263412.2	-0.022135818	-183135.5	0.74740964	0.028392766	0.185	79.0	3104.367530107498
15	-979.02527	6676.655	3817.1995	-25876.922	118.125	-847.49835	4623.195	3472.6426	-11831.067	32000	-3.3974647e-08	21566346.0	-0.0393952	-8654863.0	0.6812673	0.04892235	0.165	79.0	3297.5416297912598
16	1834.1691	1203.28	4057.312	-865.5581	92.190475	-2184.3354	4276.9644	2074.7786	-10239.342	34000	-1.0967255e-08	8724668.0	-0.033675306	-5385715.5	0.6527858	0.03610153	0.1595	79.0	3512.9973514080048
17	776.4189	3382.333	3836.5496	-10026.192	79.96	-500.2993	5069.0376	3767.3027	-10689.362	36000	3.5762786e-09	7838400.5	-0.02107148	-525782.0	0.6207656	0.012011726	0.0705	79.0	3726.796672105789
18	2018.3822	1439.1255	5762.0737	-1207.7377	81.333336	-825.99725	4962.471	2867.8054	-10920.847	38000	-4.768372e-10	3674876.0	-0.031667247	-316017.75	0.57118934	0.023230368	0.0825	79.0	3951.6323692798615
19	1953.7675	2531.858	6426.0015	-8724.823	78.8	-196.9887	4867.649	3996.2046	-10801.682	40000	4.2915342e-09	5679756.0	-0.022836035	-420819.0	0.54065233	0.025668869	0.0845	79.0	4154.858543634415
20	1592.2147	1356.4989	3359.5125	-1899.5931	95.8	-1206.6047	5138.493	3228.4658	-10258.101	42000	0.0	3139061.8	-0.026818587	-298414.0	0.5892093	0.03462152	0.129	79.0	4380.596564769745
21	2230.781	1611.7947	5688.7056	-1644.4927	88.5	-581.5887	5282.867	4057.4646	-10499.57	44000	-2.3841857e-09	3013708.2	-0.025406031	-111387.0	0.53295326	0.023352714	0.0965	79.0	4581.501991987228
22	3146.17	1026.165	6569.9673	1488.439	80.125	190.08922	4841.845	3992.4714	-10550.59	46000	-1.1920929e-08	3152607.5	-0.026244022	-124597.75	0.41797212	0.027839996	0.099	79.0	4796.689445018768
23	3153.4287	1356.8864	6335.6465	-498.0481	81.666664	74.201996	5174.388	4078.1865	-10990.994	48000	-3.3378602e-09	3307200.0	-0.021522336	-131404.75	0.42576167	0.014179788	0.0655	79.0	5007.443473100662
24	2032.9	3112.983	4755.3057	-11419.006	81.166664	419.99142	5098.1904	4275.039	-10928.712	50000	2.169609e-08	6677166.5	-0.030168291	-2025222.0	0.44800323	0.01641201	0.11	79.0	5211.287128686905
25	2777.6687	1614.7019	5392.1646	-482.15106	82.541664	-355.86356	5119.6978	3668.3796	-25476.81	52000	-1.001358e-08	6183937.5	-0.03376338	-2467525.8	0.4147905	0.048980817	0.107	79.0	5418.275694608688
26	1708.6478	3716.5242	6203.848	-10883.665	82.666664	-214.6305	4810.96	4090.7573	-10484.876	54000	-3.3378602e-09	6132833.5	-0.02856078	-734159.0	0.40266433	0.08201654	0.1385	31.0	5621.947194576263
27	2146.8167	4521.7656	6860.717	-11307.008	76.65385	97.48402	4542.935	3901.5312	-14827.358	56000	-5.9604643e-10	14479334.0	-0.02996661	-3037873.0	0.3814671	0.022569066	0.1065	79.0	5840.916179895401
28	3680.1025	2845.4333	6501.755	-9976.858	73.703705	358.30295	4058.7388	3735.2122	-14389.545	58000	-1.1444092e-08	7808368.5	-0.03649286	-847373.5	0.3124777	0.07314415	0.2135	79.0	6059.8555064201355
29	2887.0547	1088.252	4660.1685	959.01154	109.888885	-484.3809	4398.3706	4139.808	-12682.858	60000	1.9431114e-08	10585706.0	-0.03531621	-4653009.5	0.4171305	0.03991686	0.104	79.0	6269.638925790787
30	2093.2603	3277.77	7174.611	-8759.666	124.4375	-898.65686	4782.022	5177.8726	-14054.724	62000	-1.6093255e-08	11728381.0	-0.037502714	-1500371.0	0.46142444	0.048084304	0.129	79.0	6468.595482826233
31	2358.523	2209.5654	7010.835	-1219.8264	150.53847	-962.6423	3983.002	4759.2837	-12787.048	64000	2.4080277e-08	7966536.5	-0.031969253	-2764658.5	0.4847151	0.022140693	0.1325	79.0	6678.930280447006
32	724.966	2250.616	5665.111	-2129.0742	221.77777	-1802.9625	4525.568	6288.8267	-11745.788	66000	-7.629395e-09	11267037.0	-0.026922561	-2884400.0	0.50830835	0.032251526	0.1355	79.0	6892.872139215469
33	-985.3076	4208.007	4062.8142	-9639.167	169.45454	-789.88416	4381.7876	6945.4116	-11272.032	68000	-2.861023e-09	11886585.0	-0.02555563	-1630527.0	0.4922417	0.02366545	0.113	79.0	7085.857890844345
34	397.36304	2295.302	5852.397	-3169.1284	185.3	-1171.9177	4372.7803	6543.5527	-11301.629	70000	1.8119811e-08	14634314.0	-0.024396164	-881552.0	0.47202617	0.038535792	0.161	79.0	7279.554521083832
35	831.43884	2954.6465	4950.915	-6701.0884	192.5	-1237.5105	4022.1604	5751.409	-11216.228	72000	-5.7816507e-09	17516974.0	-0.022086818	-1247416.0	0.4361165	0.02476605	0.088	79.0	7481.885846853256
36	12276.576	20660.281	51107.504	-2586.4187	218.0	-1501.0068	3985.391	6113.068	-10767.196	74000	7.7486035e-09	105495840.0	-0.018955784	-47812904.0	0.40403736	0.08092619	0.1155	41.0	7678.591846942902
37	843.12555	2872.6917	3533.8	-9304.871	92.666664	4102.8906	4858.833	15378.549	-9119.907	76000	1.7404556e-08	41197936.0	-0.035605486	-30943072.0	0.4780779	0.11388714	0.1525	26.0	7874.175333738327
38	-874.10266	3013.2087	4568.3774	-9847.823	109.333336	-2135.5715	5219.0093	5859.4067	-11446.385	78000	-2.8371812e-08	8469941.0	-0.03576926	-1150878.5	0.58592063	0.038377974	0.1195	79.0	8093.34072470665
39	-1334.6519	3048.8828	2408.8018	-8955.56	119.0	-2032.3137	5009.1426	4045.1074	-10593.23	80000	1.3947487e-08	8835786.0	-0.028116494	-831600.0	0.5386539	0.031293657	0.157	79.0	8298.844830036163
40	2928.87	11313.242	49329.086	-1530.2837	109.94444	-1451.7341	4917.1157	5757.6743	-10427.639	82000	-2.1457673e-08	38508428.0	-0.025027027	-20249790.0	0.4630376	0.09622457	0.1415	50.0	8513.067245721817
41	-827.942	3151.3428	2960.3118	-10243.42	96.8	-458.2411	5607.236	11231.372	-10342.444	84000	5.722046e-09	9146409.0	-0.025089415	-3557928.5	0.4924527	0.08066813	0.134	27.0	8718.432445049286
42	-1261.782	4625.2744	2553.3894	-16703.56	129.6	-1723.3607	5255.178	10031.627	-14841.639	86000	3.5762786e-09	13477698.0	-0.027593866	-6989182.0	0.4312911	0.024456097	0.1115	79.0	8931.143330812454
43	2286.697	19376.076	50454.16	-16028.095	212.25	-2355.751	5387.831	15475.216	-10983.183	88000	2.7656554e-08	34608452.0	-0.026320657	-12560132.0	0.49180973	0.03088721	0.162	79.0	9144.776846885681
44	13662.3955	21743.97	51524.477	-4819.4478	212.14285	1156.7273	8411.437	22491.418	-10731.379	90000	-1.4960765e-08	40142870.0	-0.02127968	-4752180.0	0.46482396	0.026710927	0.1025	79.0	9343.34772181511
45	14216.224	24244.9	52813.867	-6761.7886	190.2	3042.222	6841.057	23493.555	-10582.055	92000	4.339218e-08	75165870.0	-0.019633025	-8613772.0	0.36446875	0.021947403	0.07	79.0	9540.805837631226
46	30350.637	26051.553	53689.805	-9411.822	244.0	7635.917	8562.256	31877.092	-5061.833	94000	2.8848648e-08	67650264.0	-0.017148444	-11515548.0	0.32911357	0.016174167	0.061	79.0	9750.795793771744
47	22183.129	23323.887	52410.945	812.26526	203.28572	12635.16	9257.983	29018.307	-2361.4573	96000	-1.9073487e-09	159791700.0	-0.014536644	-72839020.0	0.29142782	0.007961086	0.0545	79.0	9947.447398424149
48	32261.832	24333.604	52592.26	-1833.0936	249.875	6285.286	3832.035	12515.286	-4967.1836	98000	-3.528595e-08	101011100.0	-0.024074908	-47059640.0	0.2996728	0.04185308	0.0935	79.0	10151.225085496902
49	5336.3496	23989.342	42371.812	-15000.413	327.0	7614.428	6972.9688	32282.98	-3863.8853	100000	-5.1379203e-08	102595120.0	-0.021916931	-57255880.0	0.48899296	0.033227686	0.141	79.0	10351.054660320282
50	16754.24	34011.496	51740.875	-35980.203	287.5	920.4134	7295.036	25195.957	-11461.229	102000	9.059906e-09	105380870.0	-0.035702128	-38034790.0	0.42345417	0.032535292	0.112	79.0	10546.015157222748
51	32363.04	24163.756	56348.875	374.63013	230.75	7379.1216	6980.321	24383.271	-8270.496	104000	-2.157688e-08	85191590.0	-0.019852562	-18942316.0	0.36258587	0.0152368	0.0795	79.0	10768.557556152344
52	28915.686	30039.795	53476.316	-14425.635	321.66666	8706.899	9760.258	32069.414	-9827.363	106000	-2.5510788e-08	63257444.0	-0.035494357	-9078684.0	0.3672824	0.06708572	0.1465	79.0	10978.519030809402
53	14034.516	25428.287	55690.32	-10991.824	181.5	6987.075	6752.2905	26347.855	-12319.657	108000	4.768372e-10	105064600.0	-0.01900646	-10447704.0	0.339956	0.014095181	0.0665	79.0	11182.122617006302
54	37610.57	23900.666	53376.137	-5559.78	223.875	6562.3867	7062.254	26927.994	-4923.072	110000	-9.536743e-09	127821870.0	-0.021251738	-41779656.0	0.31023064	0.040584113	0.0905	79.0	11391.241792678833
55	36500.035	23843.45	53865.383	-656.2442	188.0	12710.145	6391.4043	34041.465	-560.6937	112000	-1.6212464e-08	115177010.0	-0.024342787	-10703400.0	0.33339342	0.025857883	0.079	79.0	11601.140156269073
56	26457.918	25831.13	53470.875	-1890.2029	184.5	14046.039	5521.166	30378.84	882.7368	114000	-1.168251e-08	136204600.0	-0.024459383	-20193440.0	0.32376885	0.01947118	0.1175	79.0	11800.721583843231
57	24972.916	27465.547	53991.75	-5431.3535	196.1	10986.124	4968.846	28185.588	-2277.064	116000	-3.027916e-08	134235260.0	-0.025498575	-11356384.0	0.32585627	0.02719083	0.0775	79.0	12029.624597072601
58	28476.46	26830.344	53735.88	-2784.9956	219.55556	8973.724	6656.52	30684.406	-4159.838	118000	-2.6106834e-08	108993770.0	-0.027487785	-11479216.0	0.3561229	0.04353141	0.1265	79.0	12237.888100624084
59	22405.75	31923.781	54212.58	-29457.926	331.66666	16552.318	9269.988	32946.062	-7663.528	120000	3.6478042e-08	391521440.0	-0.061633147	-303664800.0	0.22521666	0.24306092	0.2565	17.0	12434.70560002327
60	20367.902	25774.36	54097.78	-2459.6882	186.9	9491.917	5575.9805	23479.67	-9784.826	122000	-1.1444092e-08	121716984.0	-0.019572312	-10185576.0	0.30949876	0.027927272	0.063	79.0	12637.701989412308
61	28679.738	26598.57	55548.094	-9994.372	170.09091	9056.175	6580.765	26513.014	-17236.232	124000	2.6226044e-09	108944850.0	-0.027742699	-18155536.0	0.31515852	0.03760714	0.1045	79.0	12842.161639928818
62	21803.283	26083.898	51564.59	-4423.983	218.55556	13065.203	5621.197	30540.922	-11859.151	126000	5.918741e-08	160150480.0	-0.018762805	-39842650.0	0.3455309	0.029911738	0.0955	79.0	13038.672736167908
63	30390.578	23947.502	51783.246	-1699.9056	232.125	7525.05	6269.1665	29776.787	-10515.574	128000	-1.4305114e-08	103738120.0	-0.022878164	-15512744.0	0.33426017	0.039767038	0.096	79.0	13237.227810621262
64	11930.159	27862.744	56379.355	-14396.333	211.11111	9162.578	6216.9824	32427.844	-3160.8054	130000	-6.6757204e-09	131880290.0	-0.021994697	-38954790.0	0.37362266	0.024749046	0.1195	79.0	13447.424775362015
65	17081.574	24653.197	53218.62	-4087.889	186.7	4675.842	8011.413	32732.326	-9839.217	132000	-1.5854836e-08	117121416.0	-0.027412118	-12258536.0	0.36348858	0.04541101	0.1205	79.0	13641.31598329544
66	31538.043	26752.564	54873.258	-3357.7512	192.8	8936.804	7411.419	33969.31	-7244.635	134000	8.8214875e-09	147648800.0	-0.01886038	-21201328.0	0.31178808	0.030482516	0.0845	79.0	13839.699643611908
67	38778.746	23969.293	54081.71	-9994.447	200.0	12116.128	6167.8926	39018.074	-4966.5864	136000	4.7683715e-09	83685864.0	-0.022618653	-20604212.0	0.30489945	0.031466525	0.089	79.0	14068.902859449387
68	41531.805	22759.1	57931.867	-904.56683	215.0	15649.58	6105.5537	40918.29	-3974.6516	138000	-5.9604646e-09	94378720.0	-0.018473143	-3598840.0	0.34680328	0.017313257	0.0945	79.0	14275.267375469208
69	29329.906	27477.809	55516.86	-9340.903	179.0	15760.026	6083.382	39598.566	2518.1868	140000	1.5974045e-08	124618080.0	-0.018661952	-13847200.0	0.3340663	0.016251815	0.055	79.0	14498.056418180466
70	34583.32	28051.752	57913.68	-9348.123	160.66667	13675.891	6261.028	39877.523	-666.74286	142000	-1.4305115e-09	148840600.0	-0.01747367	-28613880.0	0.27679485	0.0072749853	0.0775	79.0	14700.451506614685
71	35136.09	27386.436	55608.03	-8809.746	201.44444	16590.469	4844.07	33947.92	3529.8245	144000	5.722046e-09	124438216.0	-0.025875662	-15989240.0	0.320961	0.036359925	0.096	79.0	14906.632853984833
72	25574.234	31156.9	57231.53	-18445.508	293.66666	11295.769	5561.2285	32934.97	-2129.1829	146000	7.629395e-09	147798500.0	-0.022401482	-42183024.0	0.37480104	0.042676616	0.132	79.0	15115.838791370392
73	21441.365	25183.572	55674.44	-6539.7373	207.11111	7525.178	8196.138	33367.95	-8304.799	148000	-3.695488e-09	116767860.0	-0.027727297	-5582704.0	0.28244153	0.043054465	0.13	79.0	15342.122828483582
74	14684.441	26818.814	55019.223	-11031.327	181.45454	7916.649	7407.3784	34348.332	-5623.668	150000	1.0490417e-08	141798180.0	-0.030986656	-10545200.0	0.3549103	0.042572122	0.1135	79.0	15545.700363874435
75	34313.33	25249.3	54303.918	-2298.411	203.11111	7703.416	5459.191	31657.367	-3951.4937	152000	-3.7431718e-08	124453220.0	-0.028019734	-36777864.0	0.32847792	0.10155838	0.178	26.0	15756.83976984024
76	-3084.9998	16610.725	50943.695	-20889.52	148.92308	8872.818	7460.49	37826.992	-7571.652	154000	-8.5830685e-09	177316960.0	-0.02771129	-119850660.0	0.4760376	0.009531753	0.1255	79.0	15962.223177194595
77	10903.859	19804.867	50450.754	-7162.4634	197.9	-134.06972	6809.13	30932.15	-12838.847	156000	-1.7285346e-08	116734390.0	-0.02364962	-23973464.0	0.40174603	0.033196777	0.103	79.0	16175.16398024559
78	20806.0	27254.965	55573.492	-11505.208	240.0	4739.708	6740.452	31920.867	-12073.203	158000	-1.5497207e-08	112306890.0	-0.01733056	-15019184.0	0.38782355	0.032617804	0.15	79.0	16377.005606412888
79	26746.295	27273.955	51467.85	-13336.84	216.11111	7091.4355	8585.521	34947.973	-9902.277	160000	7.2717667e-09	96994970.0	-0.02326009	-11374792.0	0.3354469	0.07494134	0.1475	25.0	16579.06898832321
80	15720.682	25318.21	54370.12	-6787.2925	196.7	9921.454	7469.0	39104.785	-5806.2666	162000	-1.7642975e-08	121824020.0	-0.023934714	-19155784.0	0.46362433	0.021701492	0.0855	79.0	16789.69414973259
81	9486.489	25640.852	51326.844	-11373.024	219.22223	7165.453	7198.4316	38694.75	-5457.092	164000	9.834767e-09	98007460.0	-0.030533388	-10569096.0	0.45152298	0.031900596	0.131	79.0	17002.256119012833
82	10659.737	24341.863	49821.957	-15686.035	195.5	4234.277	6919.0293	38976.004	-7576.8447	166000	-1.835823e-08	94850024.0	-0.025753109	-3811736.0	0.423677	0.033220004	0.114	79.0	17254.34370112419
83	11172.836	23548.031	48560.59	-12246.345	276.42856	4506.474	6151.416	38523.707	-8936.695	168000	-1.0371208e-08	89811320.0	-0.024780337	-5707936.0	0.38573596	0.022997927	0.0985	79.0	17476.12933564186
84	915.7954	31716.686	50626.113	-49044.973	239.125	3780.461	6154.14	35754.2	-7104.819	170000	-5.9604646e-09	107908904.0	-0.016386636	-28767728.0	0.34652495	0.02026854	0.0595	79.0	17696.15731906891
85	32922.902	21160.57	51466.69	-1892.1821	257.2857	2826.2407	8148.093	34894.715	-16154.131	172000	-1.692772e-08	134039500.0	-0.020513857	-52792536.0	0.3362245	0.033161942	0.0905	79.0	17919.620178699493
86	13314.888	24601.887	57246.004	-4952.944	177.09091	9151.207	7513.078	37109.965	-14381.626	174000	-1.66893e-08	120326560.0	-0.023090368	-28277688.0	0.3318175	0.025676437	0.095	79.0	18119.25334429741
87	24407.926	28765.352	54613.645	-10287.808	195.0	5992.554	7701.987	37832.59	-8929.636	176000	1.9550324e-08	127449380.0	-0.019194143	-20003728.0	0.32591444	0.01872482	0.0635	79.0	18327.21200442314
88	19314.578	31039.01	54818.453	-24388.309	209.57143	9280.058	6398.588	38717.105	-6294.765	178000	4.529953e-09	185730320.0	-0.017069688	-68044984.0	0.2844541	0.024237426	0.0715	79.0	18527.185700416565
89	9649.081	23883.498	53093.91	-19566.32	137.0	4801.659	7351.8745	36970.49	-17254.158	180000	2.7298928e-08	107548264.0	-0.025165418	-11289128.0	0.28374118	0.0487519	0.095	79.0	18736.853314876556
90	29052.775	27398.994	54165.414	-10971.52	185.2	6964.5737	7232.5825	36391.94	-11575.935	182000	7.7486035e-09	127131400.0	-0.022390107	-33274656.0	0.2810659	0.026593601	0.096	79.0	18942.603702783585
91	11739.357	21661.807	54741.586	-3862.892	149.92308	12403.314	7682.611	38312.395	-2139.812	184000	-1.2397766e-08	145085360.0	-0.023126146	-51087930.0	0.32115832	0.034693915	0.1075	79.0	19149.790018320084
92	11797.817	22428.795	51827.52	-3974.2473	156.75	5551.48	6818.4507	34994.574	-7988.036	186000	1.835823e-08	107207900.0	-0.02063038	-10867864.0	0.26505047	0.027056169	0.095	79.0	19353.60502409935
93	36614.54	23864.023	54181.33	-2602.466	193.7	6121.818	6653.9873	36551.965	-7711.5454	188000	2.2649765e-08	169407120.0	-0.023948245	-78809270.0	0.26655313	0.045118857	0.1115	79.0	19556.7315325737
94	23733.814	25497.578	54503.25	-4267.951	194.8	13888.958	6880.6196	43079.297	-1908.0908	190000	9.775162e-09	124600930.0	-0.02452252	-21981088.0	0.30215344	0.02804189	0.0955	79.0	19769.29837369919
95	11223.789	22544.193	55424.277	-4786.14	201.88889	9089.498	7107.9624	44463.566	-5319.7974	192000	2.5391579e-08	112246360.0	-0.022417717	-44921584.0	0.35551208	0.025318505	0.0995	79.0	19992.821388483047
96	997.71094	1733.5103	3516.6567	-2915.4297	122.53333	3837.1245	6525.679	24114.904	-15411.632	194000	3.242493e-08	50737000.0	-0.03513274	-34514850.0	0.3169045	0.03776928	0.116	79.0	20197.0405960083
97	13451.723	23360.322	51548.703	-3360.8516	159.90909	-886.17694	5402.5854	25791.002	-16642.223	196000	3.6358834e-09	144381260.0	-0.022805829	-39223856.0	0.3227688	0.027651308	0.0825	79.0	20396.125821828842
98	30886.379	24605.494	53409.883	-2381.8447	193.9	5387.02	6822.7217	30834.543	-12933.633	198000	-5.1259995e-08	143105890.0	-0.026285373	-59380850.0	0.31235066	0.050210778	0.124	79.0	20618.505209445953
99	31287.229	25723.953	55227.477	-1143.9729	195.9	12463.35	7085.0454	38539.26	-15975.23	200000	3.194809e-08	93827304.0	-0.02213122	-5636456.0	0.34629315	0.0434552	0.1325	79.0	20835.908585071564
