Epoch	AverageEpRet	StdEpRet	MaxEpRet	MinEpRet	EpLen	AverageVVals	StdVVals	MaxVVals	MinVVals	TotalEnvInteracts	LossPi	LossV	DeltaLossPi	DeltaLossV	Entropy	KL	ClipFrac	StopIter	Time
0	-15596.707	6611.721	-4385.9707	-23611.285	142.33333	0.5238744	0.23703285	0.97133225	-0.20559561	1000	4.386902e-08	52523720.0	-0.021659387	-487184.0	1.0537436	0.015403235	0.146	61.0	116.50589036941528
1	-12320.123	8174.273	-417.0603	-26359.463	120.5	-37.9605	9.649001	-8.705763	-65.91477	2000	1.2755394e-08	53474176.0	-0.007364596	-3588784.0	1.0419462	0.019596908	0.146	7.0	226.58270001411438
2	-11728.635	5284.312	1434.5249	-16388.473	122.25	-269.93323	79.17634	-59.65096	-572.53564	3000	1.0251999e-08	44225424.0	-0.018058918	-6136588.0	1.0686728	0.012433703	0.235	79.0	337.00885796546936
3	-10287.119	6375.752	-1810.6676	-18702.684	118.125	-1145.9098	270.50394	-345.3133	-1731.6431	4000	-2.3841858e-08	46807520.0	-0.008142731	-12240768.0	1.0646424	0.016213244	0.184	25.0	452.84073519706726
4	-9621.883	6638.0376	-931.1618	-20703.025	112.0	-2460.5103	754.6076	-538.03033	-4666.122	5000	2.3841858e-08	29844582.0	-0.005159481	-6366810.0	1.0618955	0.025985992	0.249	5.0	563.1586663722992
5	-4700.7686	5908.3525	2200.1729	-14908.695	84.90909	-3785.924	1363.6509	-519.59595	-7361.587	6000	-9.179115e-09	26238098.0	-0.006184277	-872688.0	1.0152193	0.021954516	0.222	5.0	672.4260115623474
6	-6891.4844	4740.0	2061.9797	-11316.262	78.0	-3614.8555	1227.4951	-717.01306	-6887.3315	7000	1.8119811e-08	21573742.0	-0.022559106	-686750.0	0.95952785	0.010973663	0.167	79.0	783.3911294937134
7	-4942.441	5896.653	1729.0001	-12757.255	78.166664	-4244.445	1433.8053	-885.2381	-8752.376	8000	1.1920929e-09	28313818.0	-0.021204654	-1585252.0	0.96940047	0.011741256	0.104	79.0	909.8409049510956
8	-4031.8174	5201.6475	2638.1992	-11230.822	90.181816	-3703.5054	1680.3306	-601.2071	-8546.166	9000	8.106232e-09	21116892.0	-0.005163685	-530110.0	0.96922976	0.016949933	0.168	6.0	1018.7862448692322
9	-8263.613	3815.7917	1348.1388	-13016.326	99.9	-3740.4746	1560.3771	-755.9189	-8668.951	10000	-1.9073487e-09	17583768.0	-0.0057079257	-1595007.0	0.9394646	0.020107208	0.165	6.0	1129.7662160396576
10	-1848.3073	15816.058	35997.17	-11102.248	136.57143	-5719.47	1600.7233	-1762.6578	-9480.8955	11000	-3.004074e-08	136429180.0	-0.009516115	-29804008.0	0.98567903	0.018405197	0.126	7.0	1282.254160642624
11	4079.5789	19666.379	31889.727	-10135.92	233.66667	-2694.178	752.2303	-771.17944	-5306.8833	12000	1.5974045e-08	103572950.0	-0.0034893402	-2199888.0	0.95866287	0.017140947	0.108	8.0	1395.6891355514526
12	-19076.094	8690.424	-10385.67	-27766.518	396.5	-1780.8094	582.16266	-281.67383	-4169.2983	13000	-3.5762786e-09	21147758.0	-0.0075073405	-5719515.0	0.9761587	0.027633088	0.332	4.0	1507.586445093155
13	-6233.812	4252.2563	307.83932	-10870.577	119.0	-2465.212	1262.7042	-296.8867	-6215.624	14000	1.835823e-08	23738076.0	-0.017883833	-2316774.0	0.92505175	0.00672362	0.082	79.0	1619.6258146762848
14	-6530.762	2796.4893	-3385.684	-9966.934	135.0	-3541.531	1539.2338	-678.39166	-7331.845	15000	-1.8119811e-08	20000066.0	-0.008448101	-450458.0	0.90226793	0.020978786	0.196	6.0	1731.2953615188599
15	8182.989	27474.113	49889.8	-12427.701	156.16667	-2892.3071	1201.5804	-637.9018	-6175.1646	16000	-5.030632e-08	249199260.0	-0.008552335	-40576256.0	0.91051745	0.007793106	0.066	79.0	1843.1548097133636
16	36626.11	22532.947	53236.727	-1939.571	203.0	-937.0811	508.53668	0.17412241	-2570.5576	17000	1.3589859e-08	311786460.0	-0.014249951	-22270112.0	0.86641985	0.011012012	0.107	79.0	1956.411622285843
17	37830.805	24762.271	53117.434	-11520.142	189.6	-103.94473	218.85521	127.528946	-869.56647	18000	6.198883e-08	370208420.0	-0.010516481	-18038144.0	0.8022916	0.025627552	0.18	8.0	2068.1126732826233
18	27569.99	28079.395	53379.29	-13286.866	199.6	573.48035	153.13191	948.1272	134.26758	19000	-5.722046e-09	289882430.0	-0.014039534	-25736928.0	0.80912304	0.008996852	0.118	79.0	2182.277494907379
19	32885.36	26590.742	52953.08	-9240.307	152.66667	1705.3837	657.9455	3392.4102	302.54977	20000	4.315376e-08	341375800.0	-0.008089017	-83278060.0	0.76301646	0.021928923	0.169	7.0	2294.4131622314453
20	40367.617	29322.762	59686.344	-10356.486	215.75	5742.1924	1375.6855	10535.3	1148.6332	21000	2.5510788e-08	261747410.0	-0.012505765	-67351740.0	0.7103473	0.008893528	0.089	79.0	2408.596809864044
21	9425.489	30030.32	54092.2	-13229.642	110.0	9646.998	2770.4587	17792.271	2868.4155	22000	1.5497207e-08	214989420.0	-0.012859965	-15329680.0	0.762419	0.012140665	0.176	79.0	2522.5042736530304
22	19668.76	31575.195	59274.156	-13016.982	128.42857	9630.858	4122.2144	20053.777	275.53738	23000	-1.7642975e-08	218347380.0	-0.008460956	-4806832.0	0.7135112	0.01981485	0.213	8.0	2635.1166083812714
23	3552.9517	27395.762	51369.816	-16798.994	115.75	10413.88	4474.6157	22020.89	-2.5058908	24000	1.847744e-08	187995760.0	-0.007976877	-17752704.0	0.7737224	0.016853454	0.11	13.0	2748.8800704479218
24	40696.97	30935.814	60707.77	-12833.753	213.0	11258.794	4252.824	19592.488	1313.0212	25000	2.2649764e-09	157651540.0	-0.0048758495	-16986736.0	0.6370953	0.015804138	0.157	6.0	2862.68164563179
25	50483.312	1062.2064	51759.617	49159.08	308.33334	13738.328	5288.6123	24969.004	1111.6505	26000	9.417534e-09	118424424.0	-0.02354381	-2491496.0	0.6504136	0.008512458	0.175	79.0	2976.617557287216
26	56103.24	1134.546	57666.426	55008.395	326.66666	15163.432	4399.8823	25234.93	4543.4243	27000	7.867813e-09	112515710.0	-0.012336945	-1650512.0	0.63039094	0.01514443	0.083	62.0	3089.9985802173615
27	55258.27	2717.5881	58658.57	52006.863	272.0	15283.037	4652.254	25480.615	2911.3252	28000	3.5762786e-09	115004970.0	-0.007956969	-1781256.0	0.61530113	0.016472388	0.188	16.0	3202.0896978378296
28	35786.895	28498.63	57271.63	-4486.181	291.33334	15983.422	4391.185	26194.814	6796.643	29000	-1.525879e-08	148825100.0	-0.011786473	-24362544.0	0.6065269	0.012602192	0.097	79.0	3314.140776872635
29	42100.973	28272.46	63871.6	2172.1096	302.0	11890.166	3459.9265	18395.285	4749.9463	30000	2.6226044e-09	147901970.0	-0.008866621	-1359264.0	0.6445066	0.009279503	0.072	79.0	3428.232399702072
30	85050.37	0.0	85050.37	85050.37	1000.0	12355.534	2172.0532	18477.324	4309.3784	31000	-8.8214875e-09	11629865.0	-0.011021614	-7219302.5	0.20257568	0.009908468	0.046	79.0	3543.3986439704895
31	16321.972	30298.191	58639.094	-10660.383	265.33334	9509.154	2984.7883	15043.59	3497.5278	32000	1.2397766e-08	120099176.0	-0.013131358	-15115088.0	0.6056558	0.0075382944	0.087	79.0	3657.3498628139496
32	24947.5	35158.938	62327.156	-10697.351	240.5	6523.985	2099.654	10103.519	1360.4673	33000	-8.106232e-09	192925540.0	-0.0025427246	-7360288.0	0.64070654	0.015463641	0.171	5.0	3771.1237189769745
33	22597.242	25068.51	58040.21	4174.2236	285.33334	8679.481	2414.4927	13104.22	2892.073	34000	1.0371208e-08	98350870.0	-0.018591302	-3238296.0	0.63348925	0.01524855	0.119	77.0	3884.8334999084473
34	41870.113	27345.896	61478.086	3198.4531	286.33334	7212.487	2073.3833	10941.212	1877.2433	35000	1.2874604e-08	146165730.0	-0.0020023016	-24428160.0	0.5364362	0.017168555	0.177	5.0	3997.083555698395
35	56602.473	1661.2212	58137.574	54294.766	247.0	11046.915	2923.5312	16297.914	1876.6271	36000	2.4914742e-08	138985310.0	-0.0123902885	-29044328.0	0.54523855	-0.0005332477	0.057	79.0	4110.573891162872
36	57998.22	1269.9388	59410.52	56331.25	298.66666	16158.572	3589.9917	23918.236	5318.3457	37000	2.0980835e-08	92443656.0	-0.0144379465	-3269648.0	0.5371886	0.01509129	0.091	79.0	4222.800750017166
37	33492.25	25064.766	59025.82	4725.046	247.0	16795.553	3395.9626	24176.498	5378.2783	38000	9.298325e-09	143387700.0	-0.01871202	-25819552.0	0.475953	0.012205648	0.096	79.0	4337.866489171982
38	62111.77	3701.657	67345.28	59389.27	289.66666	12630.128	2566.9148	18547.871	5975.26	39000	2.5272369e-08	115898070.0	-0.009581051	-26233416.0	0.48454687	0.0063553085	0.112	79.0	4450.797589540482
39	45373.008	29640.441	67797.41	-5609.138	246.25	16916.008	3430.028	25147.967	6863.2983	40000	2.0503998e-08	156297440.0	-0.008061483	-2628528.0	0.47087127	0.005830541	0.034	79.0	4566.340114355087
40	60606.22	969.13025	61956.69	59728.523	282.33334	16225.073	3012.0044	24029.465	5240.802	41000	2.1457671e-09	85205224.0	-0.007785417	-4072728.0	0.39863804	0.014075313	0.049	79.0	4681.087282896042
41	61024.13	1617.1061	62613.836	58805.49	284.0	16855.191	3299.0498	23616.113	5462.4717	42000	-2.3841857e-09	92956260.0	-0.0055667683	-3801480.0	0.43719855	0.0172635	0.093	13.0	4794.574056625366
42	43090.62	28406.652	60658.133	-6095.432	243.0	17514.193	3280.5803	25908.807	5558.9644	43000	2.169609e-08	136751280.0	-0.0014430276	-7381744.0	0.42970216	0.018433068	0.147	6.0	4908.086489439011
43	59152.81	1392.0659	60999.293	57638.26	252.66667	15537.363	2783.8923	21668.107	6642.8774	44000	-1.26361845e-08	76916260.0	-0.00948107	-9317184.0	0.4184093	0.01516256	0.115	78.0	5022.36992931366
44	59104.406	778.19196	60183.09	58376.113	276.66666	18173.863	3071.967	24418.645	8404.893	45000	-1.3828277e-08	73094170.0	-0.0071231155	-2976352.0	0.48800927	0.017455151	0.124	14.0	5135.067253828049
45	57145.797	1918.7328	60409.297	55533.477	242.5	17392.812	3035.4084	25169.361	7918.3965	46000	8.791685e-09	73126870.0	-0.0054323995	-11956980.0	0.51538146	0.01591256	0.122	8.0	5249.651696681976
46	34175.89	32056.914	58349.707	-11125.3	291.0	19877.113	4276.5317	29291.627	9247.417	47000	1.525879e-08	195397140.0	-0.012936116	-76773400.0	0.60692203	0.004862193	0.113	79.0	5362.6832938194275
47	59245.105	2811.2368	62336.668	56005.01	243.5	12095.493	2835.9287	18871.045	4220.6177	48000	6.198883e-09	138332900.0	-0.011800228	-77586000.0	0.5199632	0.015270319	0.041	47.0	5475.966350078583
48	41772.137	28818.69	62608.668	-7928.1416	217.25	20123.842	4033.834	27406.193	7750.4644	49000	-1.5735626e-08	135066100.0	-0.01572085	-17747104.0	0.5506755	0.011020031	0.121	79.0	5590.905946731567
49	22521.494	29763.904	58949.066	-11136.746	189.4	16446.9	3748.1133	22850.725	4587.1045	50000	-1.9073487e-09	175524580.0	-0.01569901	-37897280.0	0.57132876	0.009470525	0.203	79.0	5703.9845678806305
50	58849.914	2607.1135	63058.996	56498.11	235.5	11336.122	3524.4932	17587.334	-450.72305	51000	3.8146974e-09	166016880.0	-0.009539841	-89775700.0	0.5144309	0.012831285	0.06	79.0	5818.059800624847
51	98738.84	0.0	98738.84	98738.84	1000.0	19418.697	3379.514	26132.213	3578.5396	52000	3.194809e-08	75549240.0	-0.013003788	-67131170.0	0.047180798	0.004387109	0.033	79.0	5934.504491567612
52	17893.355	27493.447	57257.863	-12147.899	166.5	13614.922	3857.0076	21538.266	-1690.2015	53000	-1.0967255e-08	157647800.0	-0.013383545	-21830464.0	0.5024596	0.00819609	0.096	79.0	6048.252300977707
53	58196.996	1435.4934	59784.082	56691.477	222.5	10328.049	3721.2876	18088.61	-2002.8795	54000	-4.7683715e-09	186233570.0	-0.013206562	-108028940.0	0.46120688	0.009339592	0.064	79.0	6177.340282201767
54	57897.465	189.13281	58086.598	57708.332	370.0	19570.531	4449.5347	27790.03	4333.1387	55000	1.525879e-08	90496730.0	-0.009503992	-33849424.0	0.47647965	0.008646956	0.034	79.0	6328.2215123176575
55	59274.867	655.8047	59930.67	58619.062	371.5	14444.296	4456.686	22819.473	831.9555	56000	-8.5830685e-09	54436324.0	-0.012190006	-1907812.0	0.40778846	0.015264017	0.148	56.0	6479.660777807236
56	60401.336	20.488281	60421.824	60380.848	341.5	14005.014	4427.1943	22382.47	-491.27536	57000	3.5762786e-09	61694280.0	-0.0070847278	-1743660.0	0.4535246	0.016536746	0.106	18.0	6635.300511837006
57	57806.62	2377.413	60797.035	54980.547	331.0	14258.857	4863.8486	25084.377	-785.10126	58000	9.536744e-10	69067416.0	-0.0019734234	-7731040.0	0.44275734	0.019850178	0.266	5.0	6799.483442783356
58	8111.6943	32560.904	72042.06	-12362.025	168.8	14988.829	5218.7896	25235.85	-3705.7505	59000	-3.683567e-08	188280600.0	-0.0042906413	-82573416.0	0.50328034	0.014321192	0.251	7.0	6944.279544830322
59	26081.668	30695.412	71555.08	963.0995	178.0	8325.218	5019.745	20040.607	-6234.445	60000	-1.4305115e-09	162698580.0	-0.009718148	-14171040.0	0.5029325	0.008897497	0.032	79.0	7076.0094957351685
60	41976.273	23827.43	56087.89	709.0707	192.5	11970.236	5132.658	21676.295	-2633.8818	61000	4.5776368e-08	121752456.0	-0.0076244897	-26227528.0	0.44446322	0.0067879152	0.041	79.0	7207.080414772034
61	57085.895	2071.2644	59941.14	55063.71	227.25	16317.502	5129.0947	25922.234	940.47894	62000	-1.3351441e-08	79856584.0	-0.011514694	-21976780.0	0.43797356	0.01516903	0.092	60.0	7337.875431537628
