Epoch	AverageEpRet	StdEpRet	MaxEpRet	MinEpRet	EpLen	AverageVVals	StdVVals	MaxVVals	MinVVals	TotalEnvInteracts	LossPi	LossV	DeltaLossPi	DeltaLossV	Entropy	KL	ClipFrac	StopIter	Time
0	-16568.49	2601.3472	-13035.453	-22014.717	74.23077	0.025217311	0.10415341	0.21230698	-0.45716488	1000	-5.8174134e-08	92452776.0	-0.010267087	-37568750.0	1.0568892	0.016044382	0.336	3.0	108.41697239875793
1	-13716.529	1899.8915	-9870.982	-17806.2	69.23077	-1883.6238	413.23563	-921.6714	-3185.4587	2000	1.1920929e-09	41646470.0	-0.015485696	-35416840.0	1.0857613	0.0210472	0.397	7.0	215.64942979812622
2	-13912.047	1665.7908	-11563.395	-17089.734	82.75	-7630.282	1622.5592	-2896.4014	-12586.319	3000	2.002716e-08	5583837.5	-0.019017993	-2642622.5	1.0569932	0.018874105	0.166	21.0	316.2597932815552
3	-9723.552	3950.28	-1657.9094	-14089.276	75.61539	-7231.968	1831.1812	-2347.409	-13190.9	4000	7.390976e-09	19713998.0	-0.030197483	-5495069.0	1.0717945	0.013483366	0.195	79.0	427.03016114234924
4	-13071.389	3183.334	-8993.215	-19367.807	107.375	-5437.133	1194.2712	-2345.5815	-8029.1523	5000	-1.835823e-08	10766931.0	-0.014278809	-1616834.0	1.0467192	0.016336028	0.313	11.0	531.690714597702
5	-5812.4644	5388.2	1709.4644	-13428.803	89.7	-5782.709	1940.5859	-1756.8202	-13027.471	6000	8.940697e-09	22518744.0	-0.026560586	-8437578.0	1.0423963	0.0042407676	0.17	79.0	639.404269695282
6	-5960.0205	4549.669	1108.4457	-13085.114	99.666664	-2935.6025	2019.8821	61.863197	-11013.937	7000	1.5497208e-09	18232414.0	-0.012444521	-1634941.0	1.0079844	0.015653865	0.269	9.0	743.5606796741486
7	-2636.4277	5175.8223	3839.7344	-10850.771	116.375	-2037.8292	1587.1096	-118.13738	-9661.441	8000	-5.9604646e-09	20786282.0	-0.029494178	-2865930.0	0.98980594	0.015808206	0.163	37.0	847.7780694961548
8	-5407.373	7665.2676	4718.428	-17307.484	110.0	-2413.8894	1395.7579	-94.35042	-8464.546	9000	-3.8146974e-09	23117444.0	-0.010024853	-5824388.0	0.9692713	0.025168898	0.375	5.0	951.6758408546448
9	-2695.6658	6593.5815	6087.417	-10743.892	70.35714	-2879.6826	2035.8488	64.15779	-12846.842	10000	-1.001358e-08	22257758.0	-0.011441848	-1783798.0	0.874499	0.024922866	0.307	5.0	1056.257441997528
10	551.2891	5327.043	7042.587	-9689.189	82.0	-2395.4456	2261.5867	454.24936	-10695.781	11000	7.092953e-09	17220542.0	-0.005736521	-3622430.0	0.86038905	0.019112358	0.09	5.0	1160.3141295909882
11	-2378.8906	6235.1626	6742.82	-9928.021	65.066666	-865.6634	2699.3054	1671.9178	-11682.274	12000	2.8133393e-08	21476410.0	-0.027317518	-2702386.0	0.8726534	0.008906369	0.191	79.0	1266.3735330104828
12	1441.5055	4166.5073	7968.6646	-7158.0874	82.75	-2248.9614	3156.6328	885.209	-11759.051	13000	4.386902e-08	13599166.0	-0.02577689	-4126060.0	0.84029067	0.015784329	0.182	46.0	1371.516791343689
13	3075.1914	3386.37	6873.312	-7230.9175	71.35714	-177.74721	3034.1692	2163.2195	-10430.494	14000	-3.2901763e-08	10451839.0	-0.0069525153	-1623420.0	0.7638802	0.018867156	0.214	5.0	1476.5211765766144
14	2393.6484	2932.6785	6188.6157	-6298.212	76.61539	-266.98926	3815.4438	3540.6523	-11902.604	15000	9.059906e-09	9511566.0	-0.009419969	-434844.0	0.7311798	0.014066354	0.249	10.0	1581.5939972400665
15	5410.37	3256.3208	12434.456	1034.8451	86.181816	204.33322	3770.5964	3555.1873	-11060.702	16000	1.859665e-08	10788810.0	-0.020751638	-2891233.5	0.76031643	0.009766585	0.129	79.0	1703.3232696056366
16	10846.12	18395.266	59118.69	-7654.817	101.44444	1507.99	4474.066	5600.5137	-12296.991	17000	1.0967255e-08	113793700.0	-0.01813344	-34614520.0	0.6788175	0.006397339	0.1	79.0	1853.9853138923645
17	872.69995	4688.8203	7014.3345	-5920.633	88.63636	3522.807	4274.672	8869.96	-9337.328	18000	-1.13248824e-07	29559336.0	-0.01970786	-19067336.0	0.6129209	0.015694523	0.137	47.0	2000.3234012126923
18	3054.257	7028.8223	12694.288	-6982.9336	107.0	237.77791	4091.1287	4738.8584	-13167.828	19000	1.6689301e-09	17836624.0	-0.023912387	-1440416.0	0.7638467	0.015078523	0.115	79.0	2158.4515182971954
19	5027.5	6813.012	13629.471	-9004.745	114.75	149.83722	4603.238	5540.78	-16792.594	20000	3.8146972e-08	19272298.0	-0.025757456	-5625278.0	0.7288571	0.01166575	0.114	79.0	2315.0625348091125
20	1574.32	7333.7705	11107.626	-8672.91	82.90909	313.02682	5313.5557	7200.249	-13688.024	21000	1.5497207e-08	20043920.0	-0.018241266	-4167194.0	0.62954694	0.017099235	0.155	16.0	2470.6972258090973
21	6753.8584	5016.4517	13681.704	-6186.0522	96.9	211.31393	3818.0159	3303.7146	-10768.691	22000	-5.2452087e-09	9794755.0	-0.011309955	-4037658.5	0.7128999	0.01799903	0.129	10.0	2623.2386577129364
22	1320.2727	6598.468	7841.737	-8933.662	100.22222	1466.23	4684.157	7261.8677	-11367.741	23000	-7.43866e-08	20444404.0	-0.026355058	-6433511.0	0.73581177	0.014341378	0.13	50.0	2777.8128645420074
23	300.12045	6265.6724	13129.719	-6903.852	96.7	-532.01526	3979.5403	4605.743	-13758.378	24000	5.2452087e-09	23503048.0	-0.015627414	-1773838.0	0.62396055	0.017629143	0.137	8.0	2932.6949276924133
24	1415.1508	7184.622	13646.766	-7849.988	97.9	-1268.905	3661.289	1727.3738	-13174.579	25000	6.7353247e-09	22951334.0	-0.0062707183	-1107432.0	0.7245374	0.021084953	0.133	5.0	3081.544064760208
25	381.7024	7103.7725	7360.6714	-10938.93	99.6	-1433.5516	4800.0093	3047.6135	-18789.879	26000	-1.5377998e-08	18102858.0	-0.01486535	-4354446.0	0.73487955	0.019616043	0.205	9.0	3237.0465228557587
26	780.2324	7063.6216	8762.515	-9107.745	91.2	-435.6728	4297.753	2871.0796	-13922.068	27000	1.9550324e-08	18514392.0	-0.011798589	-2104020.0	0.76987535	0.012111358	0.099	5.0	3390.5323989391327
27	3456.9604	2228.5815	6132.707	-1127.0854	128.28572	-1144.8186	5125.0664	3263.7393	-12527.904	28000	1.4305114e-08	16318539.0	-0.0053522997	-6138021.0	0.6761739	0.016554039	0.252	5.0	3542.512784719467
28	5286.8877	6043.617	14525.093	-4149.4478	125.0	842.4824	4293.6084	7406.6978	-10345.582	29000	1.7881394e-08	26737428.0	-0.017073283	-6123202.0	0.6051001	0.017617175	0.151	20.0	3698.0799701213837
29	6317.791	5615.7007	16661.53	-4227.3247	90.545456	1560.0363	5119.9736	10523.396	-13757.736	30000	-3.8146974e-09	18584808.0	-0.011289166	-3618157.0	0.6285936	0.02372802	0.155	7.0	3852.101082086563
30	4821.132	6394.3433	15123.346	-4592.42	105.333336	1099.5216	5048.3438	6176.9634	-11231.972	31000	2.449751e-08	16549497.0	-0.011515675	-2719103.0	0.66623914	0.016915018	0.093	9.0	4012.472366333008
31	5318.3306	3839.905	9632.04	-4075.6191	95.44444	-22.00775	5598.728	6563.1147	-14191.877	32000	-1.7642975e-08	10199114.0	-0.01138857	-2469471.0	0.6507099	0.0167295	0.125	15.0	4163.096549749374
32	3876.075	2160.5984	6105.7456	171.22823	137.42857	1284.8723	4633.3164	6575.3765	-10692.361	33000	5.00679e-09	17382360.0	-0.015928827	-5981879.0	0.62124205	0.01952973	0.179	6.0	4311.204046487808
33	-2150.4292	3984.2664	4117.5576	-7089.7153	171.6	-2453.273	5559.928	6501.7803	-13590.117	34000	1.0967255e-08	9687955.0	-0.008876821	-1160299.0	0.6777252	0.017977728	0.179	7.0	4462.620074272156
34	-4047.5125	8895.259	3225.1501	-18882.559	231.75	-2915.648	4910.1665	5558.454	-11896.591	35000	-4.768372e-10	15287625.0	-0.017825384	-4175400.0	0.6502835	0.015689742	0.149	20.0	4614.776721715927
35	2761.8376	3818.655	6899.7695	-3477.9238	205.75	-3170.5076	5831.134	7797.776	-15487.678	36000	3.528595e-08	17504618.0	-0.013569101	-6345197.0	0.5819808	0.016547685	0.116	14.0	4764.464682102203
36	4877.9946	5871.427	16228.766	-2847.0078	157.16667	-667.9212	6534.474	11108.419	-11187.788	37000	1.6689301e-09	17708498.0	-0.01977443	-2551027.0	0.56256914	0.015239138	0.122	46.0	4913.060058116913
37	4893.1416	6228.7812	13890.56	-6559.5435	149.33333	-21.21547	6376.3125	10938.646	-12379.299	38000	7.629395e-09	10191022.0	-0.01278742	-1784733.0	0.5710007	0.01786805	0.228	9.0	5098.039880275726
38	785.9713	6115.804	9094.698	-7147.906	214.75	-2099.7231	6637.2803	10630.705	-18007.441	39000	-1.7642975e-08	12855024.0	-0.030873371	-3264100.0	0.5032576	0.013699974	0.101	79.0	5245.772248983383
39	8263.798	5933.072	17104.107	-481.6515	139.66667	378.49622	6031.6665	9426.951	-13876.944	40000	1.5497208e-09	8241594.5	-0.014503467	-2305923.0	0.5292195	0.01944947	0.108	15.0	5398.976111412048
40	-6827.996	5978.551	1651.9174	-14431.779	238.75	-1629.593	6493.967	12467.23	-14840.091	41000	-1.7881393e-09	38338100.0	-0.013006258	-18572274.0	0.598206	0.01673215	0.209	6.0	5539.60257768631
41	-7156.075	6942.356	2720.1729	-14609.389	230.75	-2805.913	5018.5493	8337.117	-14970.976	42000	7.629395e-09	16114068.0	-0.01781091	-5265196.0	0.60728264	0.0166521	0.182	16.0	5673.544008016586
42	7462.5664	5598.2734	13514.9795	-1095.7395	188.0	-2659.908	4721.7866	4554.123	-13511.478	43000	2.002716e-08	25482472.0	-0.010828931	-13214684.0	0.5706003	0.023624072	0.11	4.0	5828.543312549591
43	-6553.1714	5710.479	1386.6837	-11801.14	278.33334	-2233.3716	6476.5654	11960.484	-11424.57	44000	2.193451e-08	12535949.0	-0.021632839	-2502432.0	0.7136952	0.014320646	0.195	18.0	5984.249652385712
44	-36461.46	0.0	-36461.46	-36461.46	849.0	-4936.6826	4751.124	9391.577	-13872.089	45000	-1.9073487e-09	9238638.0	-0.008453051	-3679200.5	0.7478925	0.018177984	0.216	4.0	6140.296371936798
45	-12784.609	10600.744	-2035.7256	-27209.453	333.0	-3879.171	4117.8384	10368.742	-13463.072	46000	6.0796737e-09	13983838.0	-0.005686227	-2441476.0	0.7062317	0.02294475	0.166	5.0	6290.348729133606
46	-5930.435	6232.9316	1853.3716	-15551.137	248.5	-4171.0825	4237.553	6761.1353	-12264.95	47000	1.7702579e-08	11643768.0	-0.03136185	-2938918.0	0.6334359	0.015549483	0.188	46.0	6436.392278432846
47	629.05994	2373.9514	3661.331	-2911.9521	173.5	-1480.2965	4065.006	4827.9653	-11241.675	48000	2.9087067e-08	15630054.0	-0.008791128	-2997107.0	0.55272907	0.016411817	0.14	3.0	6590.280700922012
48	-4891.0713	8952.738	7106.0625	-14393.763	285.66666	-2600.2134	3861.9944	6618.465	-9567.421	49000	4.053116e-09	16080907.0	-0.021636354	-2836915.0	0.6617926	0.016437784	0.122	38.0	6744.958995580673
49	-2493.98	3835.8018	876.9804	-8660.045	200.5	-1231.1188	4335.25	7171.0493	-9308.983	50000	9.536744e-10	22905384.0	-0.024847243	-4910536.0	0.5684784	0.015969682	0.107	47.0	6900.741619825363
50	2555.1946	6488.23	13175.045	-4199.404	223.25	-1791.2533	5351.371	10127.317	-11857.125	51000	1.6689301e-09	14261830.0	-0.019521154	-2346675.0	0.6192351	0.014837151	0.109	23.0	7056.499707221985
51	-367.9124	5548.257	5505.4165	-8828.014	196.25	-1395.3058	5691.6865	11616.626	-10379.394	52000	-1.5974045e-08	21214610.0	-0.024207074	-1703190.0	0.6124226	0.0053013708	0.127	79.0	7214.8450627326965
52	3620.8533	7046.9033	10309.231	-6277.6333	205.25	-1169.708	5804.742	11368.748	-9567.767	53000	-2.4318695e-08	25010104.0	-0.010913445	-3538498.0	0.5026842	0.027855096	0.12	7.0	7368.129679441452
53	138.3931	5079.1895	10652.443	-6422.1855	112.125	2671.28	5733.0884	12356.679	-10037.525	54000	4.6253206e-08	33402880.0	0.0023709754	-20238312.0	0.47484672	0.03509644	0.375	2.0	7526.221404790878
